Dati inseriti: x = 0; y = 100; v = 1000; teta = 1.6057
T [s]	x [m]	y [m]	v [m/s]	angle	vx [m/s]	vy [m/s]	g [m/s^2]	
0	0	100	1000	92	-34.8995	999.391	-9.81934	
1	-34.8995	1094.48	990.187	-4.62698	-34.8995	989.571	-9.81934	
2	-69.7989	2079.15	980.38	11.6505	-34.8995	979.758	-9.81628	
3	-104.698	3054.01	970.579	29.9466	-34.8995	969.951	-9.81324	
4	-139.598	4019.08	960.784	54.7256	-34.8995	960.15	-9.81024	
5	-174.497	4974.36	950.995	98.3141	-34.8995	950.354	-9.80727	
6	-209.397	5919.87	941.212	227.083	-34.8995	940.565	-9.80433	
7	-244.296	6855.6	931.435	-1725.46	-34.8995	930.781	-9.80143	
8	-279.196	7781.57	921.663	-176.806	-34.8995	921.002	-9.79855	
9	-314.095	8697.79	911.898	-84.9442	-34.8995	911.229	-9.79571	
10	-348.995	9604.26	902.137	-48.0158	-34.8995	901.462	-9.79289	
11	-383.894	10501	892.382	-25.4343	-34.8995	891.7	-9.79011	
12	-418.794	11388	882.633	-7.96921	-34.8995	881.943	-9.78736	
13	-453.693	12265.3	872.888	8.14604	-34.8995	872.191	-9.78464	
14	-488.593	13132.8	863.149	25.6222	-34.8995	862.444	-9.78195	
15	-523.492	13990.7	853.415	48.2266	-34.8995	852.701	-9.77929	
16	-558.392	14838.8	843.686	85.1808	-34.8995	842.964	-9.77666	
17	-593.291	15677.3	833.962	176.884	-34.8995	833.232	-9.77407	
18	-628.19	16506.1	824.243	1659.52	-34.8995	823.504	-9.7715	
19	-663.09	17325.1	814.528	-230.044	-34.8995	813.78	-9.76897	
20	-697.989	18134.5	804.819	-99.4732	-34.8995	804.062	-9.76646	
21	-732.889	18934.2	795.113	-55.5424	-34.8995	794.347	-9.76399	
22	-767.788	19724.3	785.413	-30.6807	-34.8995	784.637	-9.76154	
23	-802.688	20504.7	775.716	-12.4227	-34.8995	774.931	-9.75913	
24	-837.587	21275.4	766.024	3.69983	-34.8995	765.229	-9.75675	
25	-872.487	22036.5	756.337	20.4203	-34.8995	755.531	-9.75439	
26	-907.386	22788	746.653	40.9158	-34.8995	745.837	-9.75207	
27	-942.286	23529.8	736.974	71.8758	-34.8995	736.147	-9.74978	
28	-977.185	24261.9	727.298	137.256	-34.8995	726.46	-9.74752	
29	-1012.08	24984.4	717.627	483.305	-34.8995	716.778	-9.74528	
30	-1046.98	25697.3	707.959	-356.518	-34.8995	707.098	-9.74308	
31	-1081.88	26400.6	698.295	-122.787	-34.8995	697.423	-9.74091	
32	-1116.78	27094.3	688.635	-66.1569	-34.8995	687.75	-9.73877	
33	-1151.68	27778.3	678.979	-37.5382	-34.8995	678.081	-9.73666	
34	-1186.58	28452.7	669.326	-17.9143	-34.8995	668.415	-9.73458	
35	-1221.48	29117.5	659.676	-1.49916	-34.8995	658.752	-9.73253	
36	-1256.38	29772.7	650.03	14.6684	-34.8995	649.093	-9.7305	
37	-1291.28	30418.3	640.388	33.3655	-34.8995	639.436	-9.72851	
38	-1326.18	31054.3	630.748	59.4625	-34.8995	629.782	-9.72655	
39	-1361.08	31680.7	621.112	107.341	-34.8995	620.131	-9.72462	
40	-1395.98	32297.5	611.479	263.848	-34.8995	610.482	-9.72271	
41	-1430.88	32904.7	601.849	-914.702	-34.8995	600.836	-9.72084	
42	-1465.78	33502.3	592.222	-162.553	-34.8995	591.193	-9.719	
43	-1500.68	34090.3	582.598	-81.089	-34.8995	581.552	-9.71718	
44	-1535.58	34668.7	572.977	-46.284	-34.8995	571.913	-9.7154	
45	-1570.48	35237.5	563.359	-24.4518	-34.8995	562.277	-9.71365	
46	-1605.38	35796.8	553.743	-7.33372	-34.8995	552.642	-9.71192	
47	-1640.28	36346.4	544.131	8.5829	-34.8995	543.01	-9.71023	
48	-1675.17	36886.5	534.521	25.9061	-34.8995	533.38	-9.70856	
49	-1710.07	37417	524.913	48.3111	-34.8995	523.752	-9.70692	
50	-1744.97	37937.9	515.308	84.7576	-34.8995	514.125	-9.70532	
51	-1779.87	38449.2	505.706	173.683	-34.8995	504.5	-9.70374	
52	-1814.77	38951	496.106	1334.63	-34.8995	494.877	-9.70219	
53	-1849.67	39443.1	486.509	-241.66	-34.8995	485.255	-9.70067	
54	-1884.57	39925.7	476.914	-102.805	-34.8995	475.635	-9.69918	
55	-1919.47	40398.7	467.321	-57.4486	-34.8995	466.016	-9.69772	
56	-1954.37	40862.1	457.731	-32.1355	-34.8995	456.399	-9.69629	
57	-1989.27	41315.9	448.143	-13.7546	-34.8995	446.782	-9.69489	
58	-2024.17	41760.2	438.558	2.28788	-34.8995	437.167	-9.69352	
59	-2059.07	42194.8	428.975	18.6948	-34.8995	427.553	-9.69217	
60	-2093.97	42619.9	419.394	38.4336	-34.8995	417.939	-9.69086	
61	-2128.87	43035.4	409.815	67.4048	-34.8995	408.327	-9.68958	
62	-2163.77	43441.3	400.239	125.229	-34.8995	398.715	-9.68832	
63	-2198.67	43837.6	390.666	369.829	-34.8995	389.104	-9.68709	
64	-2233.57	44224.3	381.095	-468.573	-34.8995	379.493	-9.6859	
65	-2268.47	44601.4	371.526	-136.645	-34.8995	369.883	-9.68473	
66	-2303.36	44968.9	361.96	-71.9665	-34.8995	360.274	-9.68359	
67	-2338.26	45326.9	352.397	-41.17	-34.8995	350.665	-9.68248	
68	-2373.16	45675.2	342.836	-20.7676	-34.8995	341.055	-9.6814	
69	-2408.06	46013.9	333.279	-4.15572	-34.8995	331.447	-9.68035	
70	-2442.96	46343	323.724	11.789	-34.8995	321.838	-9.67933	
71	-2477.86	46662.5	314.173	29.7017	-34.8995	312.229	-9.67834	
72	-2512.76	46972.4	304.626	53.7616	-34.8995	302.62	-9.67737	
73	-2547.66	47272.7	295.082	95.1792	-34.8995	293.011	-9.67644	
74	-2582.56	47563.3	285.542	209.858	-34.8995	283.401	-9.67553	
75	-2617.46	47844.3	276.007	-6488	-34.8995	273.792	-9.67466	
76	-2652.36	48115.7	266.477	-196.146	-34.8995	264.181	-9.67381	
77	-2687.26	48377.5	256.952	-91.4721	-34.8995	254.571	-9.67299	
78	-2722.16	48629.6	247.433	-51.8771	-34.8995	244.959	-9.6722	
79	-2757.06	48872.1	237.92	-28.4143	-34.8995	235.347	-9.67144	
80	-2791.96	49105	228.416	-10.7183	-34.8995	225.734	-9.67071	
81	-2826.86	49328.2	218.92	5.20188	-34.8995	216.12	-9.67001	
82	-2861.76	49541.7	209.433	21.9626	-34.8995	206.505	-9.66934	
83	-2896.66	49745.6	199.958	42.7998	-34.8995	196.889	-9.6687	
84	-2931.56	49939.8	190.496	74.8001	-34.8995	187.272	-9.66808	
85	-2966.45	50124.4	181.049	144.266	-34.8995	177.654	-9.6675	
86	-3001.35	50299.3	171.62	557.513	-34.8995	168.034	-9.66694	
87	-3036.25	50464.5	162.212	-327.356	-34.8995	158.413	-9.66641	
88	-3071.15	50620	152.828	-118.916	-34.8995	148.79	-9.66592	
89	-3106.05	50765.8	143.475	-64.7018	-34.8995	139.166	-9.66545	
90	-3140.95	50901.9	134.159	-36.7418	-34.8995	129.54	-9.66501	
91	-3175.85	51028.3	124.888	-17.369	-34.8995	119.912	-9.6646	
92	-3210.75	51145	115.673	-1.05532	-34.8995	110.283	-9.66422	
93	-3245.65	51251.9	106.53	15.0925	-34.8995	100.651	-9.66387	
94	-3280.55	51349.2	97.479	33.8484	-34.8995	91.0175	-9.66355	
95	-3315.45	51436.7	88.5492	60.1508	-34.8995	81.3817	-9.66325	
96	-3350.35	51514.5	79.7818	108.743	-34.8995	71.7438	-9.66299	
97	-3385.25	51582.5	71.2377	270.539	-34.8995	62.1035	-9.66276	
98	-3420.15	51640.7	63.0088	-846.284	-34.8995	52.4608	-9.66255	
99	-3455.05	51689.2	55.2372	-159.95	-34.8995	42.8156	-9.66238	
100	-3489.95	51727.9	48.1464	-80.1859	-34.8995	33.1678	-9.66223	
101	-3524.85	51756.9	42.0837	-45.7538	-34.8995	23.5173	-9.66211	
102	-3559.75	51776	37.5524	-24.0393	-34.8995	13.8641	-9.66203	
103	-3594.65	51785.3	35.1522	-6.94208	-34.8995	4.20799	-9.66197	
104	-3629.54	51784.9	35.3226	9.02271	-34.8995	-5.45106	-9.66194	
105	-3664.44	51774.6	38.0313	26.4887	-34.8995	-15.1132	-9.66194	
106	-3699.34	51754.5	42.8012	49.2467	-34.8995	-24.7784	-9.66197	
107	-3734.24	51724.5	49.0363	86.7376	-34.8995	-34.4468	-9.66203	
108	-3769.14	51684.7	56.2532	180.961	-34.8995	-44.1186	-9.66212	
109	-3804.04	51635	64.1229	1948.01	-34.8995	-53.7938	-9.66224	
110	-3838.94	51575.5	72.4343	-226.346	-34.8995	-63.4725	-9.66239	
111	-3873.84	51506.1	81.053	-98.8369	-34.8995	-73.1547	-9.66257	
112	-3908.74	51426.8	89.8919	-55.3247	-34.8995	-82.8407	-9.66278	
113	-3943.64	51337.6	98.8931	-30.5793	-34.8995	-92.5304	-9.66302	
114	-3978.54	51238.5	108.017	-12.3615	-34.8995	-102.224	-9.66329	
115	-4013.44	51129.5	117.237	3.75134	-34.8995	-111.922	-9.66359	
116	-4048.34	51010.5	126.531	20.485	-34.8995	-121.623	-9.66391	
117	-4083.24	50881.6	135.887	41.0318	-34.8995	-131.329	-9.66427	
118	-4118.14	50742.7	145.293	72.158	-34.8995	-141.039	-9.66466	
119	-4153.04	50593.9	154.74	138.309	-34.8995	-150.754	-9.66508	
120	-4187.94	50435.1	164.224	499.283	-34.8995	-160.472	-9.66553	
121	-4222.84	50266.3	173.737	-345.466	-34.8995	-170.196	-9.666	
122	-4257.74	50087.5	183.277	-120.732	-34.8995	-179.924	-9.66651	
123	-4292.63	49898.7	192.841	-65.0665	-34.8995	-189.657	-9.66705	
124	-4327.53	49699.8	202.425	-36.7087	-34.8995	-199.394	-9.66762	
125	-4362.43	49490.9	212.028	-17.1379	-34.8995	-209.137	-9.66822	
126	-4397.33	49271.9	221.649	-0.649823	-34.8995	-218.884	-9.66885	
127	-4432.23	49042.9	231.285	15.7404	-34.8995	-228.637	-9.66951	
128	-4467.13	48803.8	240.935	34.9477	-34.8995	-238.394	-9.6702	
129	-4502.03	48554.5	250.6	62.3299	-34.8995	-248.158	-9.67092	
130	-4536.93	48295.2	260.277	114.652	-34.8995	-257.926	-9.67167	
131	-4571.83	48025.7	269.965	308.945	-34.8995	-267.7	-9.67245	
132	-4606.73	47746.1	279.666	-589.739	-34.8995	-277.48	-9.67326	
133	-4641.63	47456.4	289.377	-144.609	-34.8995	-287.265	-9.67411	
134	-4676.53	47156.4	299.099	-74.1625	-34.8995	-297.056	-9.67498	
135	-4711.43	46846.3	308.832	-41.9759	-34.8995	-306.853	-9.67588	
136	-4746.33	46525.9	318.574	-21.0048	-34.8995	-316.656	-9.67682	
137	-4781.23	46195.4	328.326	-4.03567	-34.8995	-326.466	-9.67778	
138	-4816.13	45854.6	338.087	12.2677	-34.8995	-336.281	-9.67878	
139	-4851.03	45503.5	347.858	30.7345	-34.8995	-346.103	-9.67981	
140	-4885.93	45142.2	357.638	56.0007	-34.8995	-355.931	-9.68087	
141	-4920.83	44770.6	367.427	101.233	-34.8995	-365.765	-9.68196	
142	-4955.72	44388.7	377.224	241.393	-34.8995	-375.607	-9.68308	
143	-4990.62	43996.4	387.031	-1165.09	-34.8995	-385.455	-9.68423	
144	-5025.52	43593.9	396.847	-166.452	-34.8995	-395.309	-9.68542	
145	-5060.42	43180.9	406.671	-81.2681	-34.8995	-405.171	-9.68663	
146	-5095.32	42757.6	416.505	-45.7607	-34.8995	-415.04	-9.68788	
147	-5130.22	42323.9	426.346	-23.6155	-34.8995	-424.916	-9.68916	
148	-5165.12	41879.8	436.197	-6.1984	-34.8995	-434.799	-9.69047	
149	-5200.02	41425.3	446.057	10.1679	-34.8995	-444.689	-9.69181	
150	-5234.92	40960.3	455.925	28.3335	-34.8995	-454.587	-9.69319	
151	-5269.82	40484.8	465.802	52.6403	-34.8995	-464.493	-9.69459	
152	-5304.72	39998.9	475.688	94.793	-34.8995	-474.406	-9.69603	
153	-5339.62	39502.4	485.582	215.902	-34.8995	-484.327	-9.6975	
154	-5374.52	38995.4	495.486	-2282.32	-34.8995	-494.256	-9.699	
155	-5409.42	38477.9	505.399	-178.974	-34.8995	-504.192	-9.70054	
156	-5444.32	37949.8	515.32	-84.6934	-34.8995	-514.137	-9.7021	
157	-5479.22	37411.1	525.251	-47.367	-34.8995	-524.09	-9.7037	
158	-5514.12	36861.8	535.191	-24.5887	-34.8995	-534.052	-9.70533	
159	-5549.02	36301.8	545.14	-6.8917	-34.8995	-544.022	-9.707	
160	-5583.92	35731.2	555.098	9.61195	-34.8995	-554	-9.70869	
161	-5618.81	35150	565.066	27.8455	-34.8995	-563.987	-9.71042	
162	-5653.71	34558	575.043	52.1904	-34.8995	-573.983	-9.71219	
163	-5688.61	33955.3	585.03	94.4408	-34.8995	-583.988	-9.71398	
164	-5723.51	33341.9	595.026	216.787	-34.8995	-594.002	-9.71581	
165	-5758.41	32717.7	605.032	-1988.41	-34.8995	-604.025	-9.71767	
166	-5793.31	32082.7	615.048	-175.082	-34.8995	-614.057	-9.71957	
167	-5828.21	31436.9	625.074	-83.0356	-34.8995	-624.099	-9.72149	
168	-5863.11	30780.3	635.109	-46.2198	-34.8995	-634.15	-9.72345	
169	-5898.01	30112.8	645.155	-23.5874	-34.8995	-644.21	-9.72545	
170	-5932.91	29434.4	655.211	-5.86344	-34.8995	-654.28	-9.72748	
171	-5967.81	28745.1	665.277	10.8321	-34.8995	-664.361	-9.72954	
172	-6002.71	28044.9	675.353	29.5359	-34.8995	-674.451	-9.73164	
173	-6037.61	27333.7	685.44	55.046	-34.8995	-684.551	-9.73377	
174	-6072.51	26611.5	695.537	101.069	-34.8995	-694.661	-9.73593	
175	-6107.41	25878.3	705.645	249.498	-34.8995	-704.782	-9.73813	
176	-6142.31	25134.1	715.764	-886.229	-34.8995	-714.913	-9.74036	
177	-6177.21	24378.8	725.894	-154.485	-34.8995	-725.054	-9.74263	
178	-6212.11	23612.4	736.034	-75.9891	-34.8995	-735.206	-9.74493	
179	-6247.01	22834.9	746.186	-42.0858	-34.8995	-745.37	-9.74726	
180	-6281.9	22046.3	756.349	-20.3972	-34.8995	-755.544	-9.74964	
181	-6316.8	21246.4	766.523	-2.87684	-34.8995	-765.729	-9.75204	
182	-6351.7	20435.4	776.709	14.1422	-34.8995	-775.925	-9.75448	
183	-6386.6	19613.2	786.907	33.916	-34.8995	-786.132	-9.75696	
184	-6421.5	18779.6	797.116	62.3089	-34.8995	-796.351	-9.75947	
185	-6456.4	17934.8	807.337	118.501	-34.8995	-806.582	-9.76201	
186	-6491.3	17078.7	817.569	362.201	-34.8995	-816.824	-9.7646	
187	-6526.2	16211.2	827.814	-415.815	-34.8995	-827.078	-9.76721	
188	-6561.1	15332.4	838.071	-124.572	-34.8995	-837.344	-9.76987	
189	-6596	14442.1	848.34	-64.5938	-34.8995	-847.622	-9.77256	
190	-6630.9	13540.4	858.622	-35.1555	-34.8995	-857.913	-9.77528	
191	-6665.8	12627.3	868.916	-14.9437	-34.8995	-868.215	-9.77804	
192	-6700.7	11702.6	879.223	2.31803	-34.8995	-878.53	-9.78084	
193	-6735.6	10766.4	889.543	20.0337	-34.8995	-888.858	-9.78367	
194	-6770.5	9818.61	899.876	42.0093	-34.8995	-899.199	-9.78655	
195	-6805.4	8859.24	910.222	76.719	-34.8995	-909.552	-9.78945	
196	-6840.3	7888.24	920.581	159.721	-34.8995	-919.919	-9.7924	
197	-6875.2	6905.57	930.953	1217.95	-34.8995	-930.299	-9.79538	
198	-6910.09	5911.2	941.339	-223.649	-34.8995	-940.692	-9.7984	
199	-6944.99	4905.1	951.738	-93.6664	-34.8995	-951.098	-9.80145	
200	-6979.89	3887.23	962.152	-50.5818	-34.8995	-961.519	-9.80455	
201	-7014.79	2857.56	972.579	-25.8808	-34.8995	-971.952	-9.80768	
202	-7049.69	1816.05	983.02	-7.19378	-34.8995	-982.4	-9.81085	
203	-7084.59	762.663	993.475	10.1227	-34.8995	-992.862	-9.81405	
204	-7119.49	-302.632	1003.94	29.4692	-34.8995	-1003.34	-9.8173	
------------------ END OF FILE ------------------
