#X	Y
0	15610
1	15610
2	15610
3	15610
4	15610
5	15610
6	15610
7	15610
8	15610
9	15610
10	15610
11	15610
12	15610
13	15610
14	15610
15	15610
16	15610
17	15610
18	15610
19	15610
20	15610
21	15610
22	15610
23	15610
24	15610
25	15610
26	15610
27	15610
28	15610
29	15610
30	15610
31	15610
32	15610
33	15610
34	15610
35	15610
36	15610
37	15610
38	15610
39	15610
40	15610
41	15610
42	15610
43	15610
44	15610
45	15610
46	15610
47	15610
48	15610
49	15610
50	15610
51	15610
52	15610
53	15610
54	15610
55	15610
56	15610
57	15610
58	15610
59	15610
60	15610
61	15610
62	15610
63	15610
64	15610
65	15610
66	15610
67	15610
68	15610
69	15610
70	15610
71	15610
72	15610
73	15610
74	15610
75	15610
76	15610
77	15610
78	15610
79	15610
80	15610
81	15610
82	15610
83	15610
84	15610
85	15610
86	15610
87	15610
88	15610
89	15610
90	15610
91	15610
92	15610
93	15610
94	15610
95	15610
96	15610
97	15610
98	15610
99	15610
100	15610
101	15610
102	15610
103	15610
104	15610
105	15610
106	15610
107	15610
108	15610
109	15610
110	15610
111	15610
112	15610
113	15610
114	15610
115	15610
116	15610
117	15610
118	15610
119	15610
120	15610
121	15610
122	15610
123	15610
124	15610
125	15610
126	15610
127	15610
128	15610
129	15610
130	15610
131	15610
132	15610
133	15610
134	15610
135	15609,9
136	15609,9
137	15609,9
138	15609,9
139	15609,9
140	15609,9
141	15609,9
142	15609,9
143	15609,9
144	15609,9
145	15609,9
146	15609,9
147	15609,9
148	15609,9
149	15609,9
150	15609,9
151	15609,9
152	15609,9
153	15609,9
154	15609,9
155	15609,9
156	15609,9
157	15609,9
158	15609,9
159	15609,9
160	15609,9
161	15609,9
162	15609,9
163	15609,9
164	15609,9
165	15609,9
166	15609,9
167	15609,9
168	15609,9
169	15609,9
170	15609,9
171	15609,9
172	15609,9
173	15609,9
174	15609,9
175	15609,9
176	15609,9
177	15609,9
178	15609,9
179	15609,9
180	15609,9
181	15609,9
182	15609,9
183	15609,9
184	15609,9
185	15609,9
186	15609,9
187	15609,9
188	15609,9
189	15609,9
190	15609,9
191	15609,9
192	15609,9
193	15609,9
194	15609,8
195	15609,8
196	15609,8
197	15609,8
198	15609,8
199	15609,8
200	15609,8
201	15609,8
202	15609,8
203	15609,8
204	15609,8
205	15609,8
206	15609,8
207	15609,8
208	15609,8
209	15609,8
210	15609,8
211	15609,8
212	15609,8
213	15609,8
214	15609,8
215	15609,8
216	15609,8
217	15609,8
218	15609,8
219	15609,8
220	15609,8
221	15609,8
222	15609,8
223	15609,8
224	15609,8
225	15609,8
226	15609,8
227	15609,8
228	15609,8
229	15609,8
230	15609,7
231	15609,7
232	15609,7
233	15609,7
234	15609,7
235	15609,7
236	15609,7
237	15609,7
238	15609,7
239	15609,7
240	15609,7
241	15609,7
242	15609,7
243	15609,7
244	15609,7
245	15609,7
246	15609,7
247	15609,7
248	15609,7
249	15609,7
250	15609,7
251	15609,7
252	15609,7
253	15609,7
254	15609,7
255	15609,7
256	15609,7
257	15609,7
258	15609,6
259	15609,6
260	15609,6
261	15609,6
262	15609,6
263	15609,6
264	15609,6
265	15609,6
266	15609,6
267	15609,6
268	15609,6
269	15609,6
270	15609,6
271	15609,6
272	15609,6
273	15609,6
274	15609,6
275	15609,6
276	15609,6
277	15609,6
278	15609,6
279	15609,6
280	15609,5
281	15609,5
282	15609,5
283	15609,5
284	15609,5
285	15609,5
286	15609,5
287	15609,5
288	15609,5
289	15609,5
290	15609,5
291	15609,5
292	15609,5
293	15609,5
294	15609,5
295	15609,5
296	15609,5
297	15609,5
298	15609,5
299	15609,4
300	15609,4
301	15609,4
302	15609,4
303	15609,4
304	15609,4
305	15609,4
306	15609,4
307	15609,4
308	15609,4
309	15609,4
310	15609,4
311	15609,4
312	15609,4
313	15609,4
314	15609,4
315	15609,4
316	15609,3
317	15609,3
318	15609,3
319	15609,3
320	15609,3
321	15609,3
322	15609,3
323	15609,3
324	15609,3
325	15609,3
326	15609,3
327	15609,3
328	15609,3
329	15609,3
330	15609,3
331	15609,3
332	15609,2
333	15609,2
334	15609,2
335	15609,2
336	15609,2
337	15609,2
338	15609,2
339	15609,2
340	15609,2
341	15609,2
342	15609,2
343	15609,2
344	15609,2
345	15609,2
346	15609,1
347	15609,1
348	15609,1
349	15609,1
350	15609,1
351	15609,1
352	15609,1
353	15609,1
354	15609,1
355	15609,1
356	15609,1
357	15609,1
358	15609,1
359	15609
360	15609
361	15609
362	15609
363	15609
364	15609
365	15609
366	15609
367	15609
368	15609
369	15609
370	15609
371	15608,9
372	15608,9
373	15608,9
374	15608,9
375	15608,9
376	15608,9
377	15608,9
378	15608,9
379	15608,9
380	15608,9
381	15608,9
382	15608,8
383	15608,8
384	15608,8
385	15608,8
386	15608,8
387	15608,8
388	15608,8
389	15608,8
390	15608,8
391	15608,8
392	15608,8
393	15608,7
394	15608,7
395	15608,7
396	15608,7
397	15608,7
398	15608,7
399	15608,7
400	15608,7
401	15608,7
402	15608,7
403	15608,6
404	15608,6
405	15608,6
406	15608,6
407	15608,6
408	15608,6
409	15608,6
410	15608,6
411	15608,6
412	15608,6
413	15608,5
414	15608,5
415	15608,5
416	15608,5
417	15608,5
418	15608,5
419	15608,5
420	15608,5
421	15608,5
422	15608,4
423	15608,4
424	15608,4
425	15608,4
426	15608,4
427	15608,4
428	15608,4
429	15608,4
430	15608,4
431	15608,3
432	15608,3
433	15608,3
434	15608,3
435	15608,3
436	15608,3
437	15608,3
438	15608,3
439	15608,3
440	15608,2
441	15608,2
442	15608,2
443	15608,2
444	15608,2
445	15608,2
446	15608,2
447	15608,2
448	15608,1
449	15608,1
450	15608,1
451	15608,1
452	15608,1
453	15608,1
454	15608,1
455	15608,1
456	15608
457	15608
458	15608
459	15608
460	15608
461	15608
462	15608
463	15607,9
464	15607,9
465	15607,9
466	15607,9
467	15607,9
468	15607,9
469	15607,9
470	15607,9
471	15607,8
472	15607,8
473	15607,8
474	15607,8
475	15607,8
476	15607,8
477	15607,8
478	15607,7
479	15607,7
480	15607,7
481	15607,7
482	15607,7
483	15607,7
484	15607,7
485	15607,6
486	15607,6
487	15607,6
488	15607,6
489	15607,6
490	15607,6
491	15607,6
492	15607,5
493	15607,5
494	15607,5
495	15607,5
496	15607,5
497	15607,5
498	15607,4
499	15607,4
500	15607,4
501	15607,4
502	15607,4
503	15607,4
504	15607,4
505	15607,3
506	15607,3
507	15607,3
508	15607,3
509	15607,3
510	15607,3
511	15607,2
512	15607,2
513	15607,2
514	15607,2
515	15607,2
516	15607,2
517	15607,1
518	15607,1
519	15607,1
520	15607,1
521	15607,1
522	15607,1
523	15607
524	15607
525	15607
526	15607
527	15607
528	15607
529	15606,9
530	15606,9
531	15606,9
532	15606,9
533	15606,9
534	15606,9
535	15606,8
536	15606,8
537	15606,8
538	15606,8
539	15606,8
540	15606,7
541	15606,7
542	15606,7
543	15606,7
544	15606,7
545	15606,7
546	15606,6
547	15606,6
548	15606,6
549	15606,6
550	15606,6
551	15606,5
552	15606,5
553	15606,5
554	15606,5
555	15606,5
556	15606,4
557	15606,4
558	15606,4
559	15606,4
560	15606,4
561	15606,3
562	15606,3
563	15606,3
564	15606,3
565	15606,3
566	15606,2
567	15606,2
568	15606,2
569	15606,2
570	15606,2
571	15606,1
572	15606,1
573	15606,1
574	15606,1
575	15606,1
576	15606
577	15606
578	15606
579	15606
580	15606
581	15605,9
582	15605,9
583	15605,9
584	15605,9
585	15605,9
586	15605,8
587	15605,8
588	15605,8
589	15605,8
590	15605,8
591	15605,7
592	15605,7
593	15605,7
594	15605,7
595	15605,6
596	15605,6
597	15605,6
598	15605,6
599	15605,6
600	15605,5
601	15605,5
602	15605,5
603	15605,5
604	15605,4
605	15605,4
606	15605,4
607	15605,4
608	15605,4
609	15605,3
610	15605,3
611	15605,3
612	15605,3
613	15605,2
614	15605,2
615	15605,2
616	15605,2
617	15605,1
618	15605,1
619	15605,1
620	15605,1
621	15605
622	15605
623	15605
624	15605
625	15604,9
626	15604,9
627	15604,9
628	15604,9
629	15604,9
630	15604,8
631	15604,8
632	15604,8
633	15604,8
634	15604,7
635	15604,7
636	15604,7
637	15604,7
638	15604,6
639	15604,6
640	15604,6
641	15604,6
642	15604,5
643	15604,5
644	15604,5
645	15604,4
646	15604,4
647	15604,4
648	15604,4
649	15604,3
650	15604,3
651	15604,3
652	15604,3
653	15604,2
654	15604,2
655	15604,2
656	15604,2
657	15604,1
658	15604,1
659	15604,1
660	15604,1
661	15604
662	15604
663	15604
664	15603,9
665	15603,9
666	15603,9
667	15603,9
668	15603,8
669	15603,8
670	15603,8
671	15603,7
672	15603,7
673	15603,7
674	15603,7
675	15603,6
676	15603,6
677	15603,6
678	15603,5
679	15603,5
680	15603,5
681	15603,5
682	15603,4
683	15603,4
684	15603,4
685	15603,3
686	15603,3
687	15603,3
688	15603,3
689	15603,2
690	15603,2
691	15603,2
692	15603,1
693	15603,1
694	15603,1
695	15603,1
696	15603
697	15603
698	15603
699	15602,9
700	15602,9
701	15602,9
702	15602,8
703	15602,8
704	15602,8
705	15602,7
706	15602,7
707	15602,7
708	15602,7
709	15602,6
710	15602,6
711	15602,6
712	15602,5
713	15602,5
714	15602,5
715	15602,4
716	15602,4
717	15602,4
718	15602,3
719	15602,3
720	15602,3
721	15602,2
722	15602,2
723	15602,2
724	15602,1
725	15602,1
726	15602,1
727	15602
728	15602
729	15602
730	15601,9
731	15601,9
732	15601,9
733	15601,8
734	15601,8
735	15601,8
736	15601,7
737	15601,7
738	15601,7
739	15601,6
740	15601,6
741	15601,6
742	15601,5
743	15601,5
744	15601,5
745	15601,4
746	15601,4
747	15601,4
748	15601,3
749	15601,3
750	15601,3
751	15601,2
752	15601,2
753	15601,2
754	15601,1
755	15601,1
756	15601,1
757	15601
758	15601
759	15600,9
760	15600,9
761	15600,9
762	15600,8
763	15600,8
764	15600,8
765	15600,7
766	15600,7
767	15600,7
768	15600,6
769	15600,6
770	15600,5
771	15600,5
772	15600,5
773	15600,4
774	15600,4
775	15600,4
776	15600,3
777	15600,3
778	15600,2
779	15600,2
780	15600,2
781	15600,1
782	15600,1
783	15600,1
784	15600
785	15600
786	15599,9
787	15599,9
788	15599,9
789	15599,8
790	15599,8
791	15599,8
792	15599,7
793	15599,7
794	15599,6
795	15599,6
796	15599,6
797	15599,5
798	15599,5
799	15599,4
800	15599,4
801	15599,4
802	15599,3
803	15599,3
804	15599,2
805	15599,2
806	15599,2
807	15599,1
808	15599,1
809	15599
810	15599
811	15599
812	15598,9
813	15598,9
814	15598,8
815	15598,8
816	15598,7
817	15598,7
818	15598,7
819	15598,6
820	15598,6
821	15598,5
822	15598,5
823	15598,5
824	15598,4
825	15598,4
826	15598,3
827	15598,3
828	15598,2
829	15598,2
830	15598,2
831	15598,1
832	15598,1
833	15598
834	15598
835	15597,9
836	15597,9
837	15597,9
838	15597,8
839	15597,8
840	15597,7
841	15597,7
842	15597,6
843	15597,6
844	15597,5
845	15597,5
846	15597,5
847	15597,4
848	15597,4
849	15597,3
850	15597,3
851	15597,2
852	15597,2
853	15597,1
854	15597,1
855	15597,1
856	15597
857	15597
858	15596,9
859	15596,9
860	15596,8
861	15596,8
862	15596,7
863	15596,7
864	15596,6
865	15596,6
866	15596,5
867	15596,5
868	15596,5
869	15596,4
870	15596,4
871	15596,3
872	15596,3
873	15596,2
874	15596,2
875	15596,1
876	15596,1
877	15596
878	15596
879	15595,9
880	15595,9
881	15595,8
882	15595,8
883	15595,7
884	15595,7
885	15595,6
886	15595,6
887	15595,5
888	15595,5
889	15595,4
890	15595,4
891	15595,3
892	15595,3
893	15595,2
894	15595,2
895	15595,1
896	15595,1
897	15595
898	15595
899	15594,9
900	15594,9
901	15594,8
902	15594,8
903	15594,7
904	15594,7
905	15594,6
906	15594,6
907	15594,5
908	15594,5
909	15594,4
910	15594,4
911	15594,3
912	15594,3
913	15594,2
914	15594,2
915	15594,1
916	15594,1
917	15594
918	15594
919	15593,9
920	15593,9
921	15593,8
922	15593,8
923	15593,7
924	15593,7
925	15593,6
926	15593,5
927	15593,5
928	15593,4
929	15593,4
930	15593,3
931	15593,3
932	15593,2
933	15593,2
934	15593,1
935	15593,1
936	15593
937	15593
938	15592,9
939	15592,8
940	15592,8
941	15592,7
942	15592,7
943	15592,6
944	15592,6
945	15592,5
946	15592,5
947	15592,4
948	15592,3
949	15592,3
950	15592,2
951	15592,2
952	15592,1
953	15592,1
954	15592
955	15591,9
956	15591,9
957	15591,8
958	15591,8
959	15591,7
960	15591,7
961	15591,6
962	15591,5
963	15591,5
964	15591,4
965	15591,4
966	15591,3
967	15591,3
968	15591,2
969	15591,1
970	15591,1
971	15591
972	15591
973	15590,9
974	15590,8
975	15590,8
976	15590,7
977	15590,7
978	15590,6
979	15590,6
980	15590,5
981	15590,4
982	15590,4
983	15590,3
984	15590,3
985	15590,2
986	15590,1
987	15590,1
988	15590
989	15589,9
990	15589,9
991	15589,8
992	15589,8
993	15589,7
994	15589,6
995	15589,6
996	15589,5
997	15589,5
998	15589,4
999	15589,3
1000	15589,3
1001	15589,2
1002	15589,1
1003	15589,1
1004	15589
1005	15589
1006	15588,9
1007	15588,8
1008	15588,8
1009	15588,7
1010	15588,6
1011	15588,6
1012	15588,5
1013	15588,5
1014	15588,4
1015	15588,3
1016	15588,3
1017	15588,2
1018	15588,1
1019	15588,1
1020	15588
1021	15587,9
1022	15587,9
1023	15587,8
1024	15587,7
1025	15587,7
1026	15587,6
1027	15587,5
1028	15587,5
1029	15587,4
1030	15587,3
1031	15587,3
1032	15587,2
1033	15587,1
1034	15587,1
1035	15587
1036	15586,9
1037	15586,9
1038	15586,8
1039	15586,7
1040	15586,7
1041	15586,6
1042	15586,5
1043	15586,5
1044	15586,4
1045	15586,3
1046	15586,3
1047	15586,2
1048	15586,1
1049	15586,1
1050	15586
1051	15585,9
1052	15585,9
1053	15585,8
1054	15585,7
1055	15585,7
1056	15585,6
1057	15585,5
1058	15585,4
1059	15585,4
1060	15585,3
1061	15585,2
1062	15585,2
1063	15585,1
1064	15585
1065	15585
1066	15584,9
1067	15584,8
1068	15584,7
1069	15584,7
1070	15584,6
1071	15584,5
1072	15584,5
1073	15584,4
1074	15584,3
1075	15584,2
1076	15584,2
1077	15584,1
1078	15584
1079	15583,9
1080	15583,9
1081	15583,8
1082	15583,7
1083	15583,7
1084	15583,6
1085	15583,5
1086	15583,4
1087	15583,4
1088	15583,3
1089	15583,2
1090	15583,1
1091	15583,1
1092	15583
1093	15582,9
1094	15582,8
1095	15582,8
1096	15582,7
1097	15582,6
1098	15582,5
1099	15582,5
1100	15582,4
1101	15582,3
1102	15582,2
1103	15582,2
1104	15582,1
1105	15582
1106	15581,9
1107	15581,9
1108	15581,8
1109	15581,7
1110	15581,6
1111	15581,6
1112	15581,5
1113	15581,4
1114	15581,3
1115	15581,2
1116	15581,2
1117	15581,1
1118	15581
1119	15580,9
1120	15580,9
1121	15580,8
1122	15580,7
1123	15580,6
1124	15580,5
1125	15580,5
1126	15580,4
1127	15580,3
1128	15580,2
1129	15580,1
1130	15580,1
1131	15580
1132	15579,9
1133	15579,8
1134	15579,7
1135	15579,7
1136	15579,6
1137	15579,5
1138	15579,4
1139	15579,3
1140	15579,3
1141	15579,2
1142	15579,1
1143	15579
1144	15578,9
1145	15578,9
1146	15578,8
1147	15578,7
1148	15578,6
1149	15578,5
1150	15578,4
1151	15578,4
1152	15578,3
1153	15578,2
1154	15578,1
1155	15578
1156	15577,9
1157	15577,9
1158	15577,8
1159	15577,7
1160	15577,6
1161	15577,5
1162	15577,4
1163	15577,4
1164	15577,3
1165	15577,2
1166	15577,1
1167	15577
1168	15576,9
1169	15576,9
1170	15576,8
1171	15576,7
1172	15576,6
1173	15576,5
1174	15576,4
1175	15576,3
1176	15576,3
1177	15576,2
1178	15576,1
1179	15576
1180	15575,9
1181	15575,8
1182	15575,7
1183	15575,6
1184	15575,6
1185	15575,5
1186	15575,4
1187	15575,3
1188	15575,2
1189	15575,1
1190	15575
1191	15574,9
1192	15574,9
1193	15574,8
1194	15574,7
1195	15574,6
1196	15574,5
1197	15574,4
1198	15574,3
1199	15574,2
1200	15574,1
1201	15574
1202	15574
1203	15573,9
1204	15573,8
1205	15573,7
1206	15573,6
1207	15573,5
1208	15573,4
1209	15573,3
1210	15573,2
1211	15573,1
1212	15573
1213	15573
1214	15572,9
1215	15572,8
1216	15572,7
1217	15572,6
1218	15572,5
1219	15572,4
1220	15572,3
1221	15572,2
1222	15572,1
1223	15572
1224	15571,9
1225	15571,8
1226	15571,7
1227	15571,7
1228	15571,6
1229	15571,5
1230	15571,4
1231	15571,3
1232	15571,2
1233	15571,1
1234	15571
1235	15570,9
1236	15570,8
1237	15570,7
1238	15570,6
1239	15570,5
1240	15570,4
1241	15570,3
1242	15570,2
1243	15570,1
1244	15570
1245	15569,9
1246	15569,8
1247	15569,7
1248	15569,6
1249	15569,5
1250	15569,4
1251	15569,4
1252	15569,3
1253	15569,2
1254	15569,1
1255	15569
1256	15568,9
1257	15568,8
1258	15568,7
1259	15568,6
1260	15568,5
1261	15568,4
1262	15568,3
1263	15568,2
1264	15568,1
1265	15568
1266	15567,9
1267	15567,8
1268	15567,7
1269	15567,6
1270	15567,5
1271	15567,4
1272	15567,3
1273	15567,2
1274	15567,1
1275	15567
1276	15566,9
1277	15566,8
1278	15566,7
1279	15566,6
1280	15566,5
1281	15566,3
1282	15566,2
1283	15566,1
1284	15566
1285	15565,9
1286	15565,8
1287	15565,7
1288	15565,6
1289	15565,5
1290	15565,4
1291	15565,3
1292	15565,2
1293	15565,1
1294	15565
1295	15564,9
1296	15564,8
1297	15564,7
1298	15564,6
1299	15564,5
1300	15564,4
1301	15564,3
1302	15564,2
1303	15564,1
1304	15563,9
1305	15563,8
1306	15563,7
1307	15563,6
1308	15563,5
1309	15563,4
1310	15563,3
1311	15563,2
1312	15563,1
1313	15563
1314	15562,9
1315	15562,8
1316	15562,7
1317	15562,5
1318	15562,4
1319	15562,3
1320	15562,2
1321	15562,1
1322	15562
1323	15561,9
1324	15561,8
1325	15561,7
1326	15561,6
1327	15561,5
1328	15561,3
1329	15561,2
1330	15561,1
1331	15561
1332	15560,9
1333	15560,8
1334	15560,7
1335	15560,6
1336	15560,5
1337	15560,3
1338	15560,2
1339	15560,1
1340	15560
1341	15559,9
1342	15559,8
1343	15559,7
1344	15559,6
1345	15559,4
1346	15559,3
1347	15559,2
1348	15559,1
1349	15559
1350	15558,9
1351	15558,8
1352	15558,7
1353	15558,5
1354	15558,4
1355	15558,3
1356	15558,2
1357	15558,1
1358	15558
1359	15557,8
1360	15557,7
1361	15557,6
1362	15557,5
1363	15557,4
1364	15557,3
1365	15557,1
1366	15557
1367	15556,9
1368	15556,8
1369	15556,7
1370	15556,6
1371	15556,4
1372	15556,3
1373	15556,2
1374	15556,1
1375	15556
1376	15555,9
1377	15555,7
1378	15555,6
1379	15555,5
1380	15555,4
1381	15555,3
1382	15555,1
1383	15555
1384	15554,9
1385	15554,8
1386	15554,7
1387	15554,5
1388	15554,4
1389	15554,3
1390	15554,2
1391	15554,1
1392	15553,9
1393	15553,8
1394	15553,7
1395	15553,6
1396	15553,5
1397	15553,3
1398	15553,2
1399	15553,1
1400	15553
1401	15552,8
1402	15552,7
1403	15552,6
1404	15552,5
1405	15552,3
1406	15552,2
1407	15552,1
1408	15552
1409	15551,9
1410	15551,7
1411	15551,6
1412	15551,5
1413	15551,4
1414	15551,2
1415	15551,1
1416	15551
1417	15550,9
1418	15550,7
1419	15550,6
1420	15550,5
1421	15550,3
1422	15550,2
1423	15550,1
1424	15550
1425	15549,8
1426	15549,7
1427	15549,6
1428	15549,5
1429	15549,3
1430	15549,2
1431	15549,1
1432	15548,9
1433	15548,8
1434	15548,7
1435	15548,6
1436	15548,4
1437	15548,3
1438	15548,2
1439	15548
1440	15547,9
1441	15547,8
1442	15547,7
1443	15547,5
1444	15547,4
1445	15547,3
1446	15547,1
1447	15547
1448	15546,9
1449	15546,7
1450	15546,6
1451	15546,5
1452	15546,3
1453	15546,2
1454	15546,1
1455	15545,9
1456	15545,8
1457	15545,7
1458	15545,5
1459	15545,4
1460	15545,3
1461	15545,1
1462	15545
1463	15544,9
1464	15544,7
1465	15544,6
1466	15544,5
1467	15544,3
1468	15544,2
1469	15544,1
1470	15543,9
1471	15543,8
1472	15543,7
1473	15543,5
1474	15543,4
1475	15543,3
1476	15543,1
1477	15543
1478	15542,8
1479	15542,7
1480	15542,6
1481	15542,4
1482	15542,3
1483	15542,2
1484	15542
1485	15541,9
1486	15541,7
1487	15541,6
1488	15541,5
1489	15541,3
1490	15541,2
1491	15541
1492	15540,9
1493	15540,8
1494	15540,6
1495	15540,5
1496	15540,3
1497	15540,2
1498	15540,1
1499	15539,9
1500	15539,8
1501	15539,6
1502	15539,5
1503	15539,4
1504	15539,2
1505	15539,1
1506	15538,9
1507	15538,8
1508	15538,6
1509	15538,5
1510	15538,4
1511	15538,2
1512	15538,1
1513	15537,9
1514	15537,8
1515	15537,6
1516	15537,5
1517	15537,4
1518	15537,2
1519	15537,1
1520	15536,9
1521	15536,8
1522	15536,6
1523	15536,5
1524	15536,3
1525	15536,2
1526	15536
1527	15535,9
1528	15535,8
1529	15535,6
1530	15535,5
1531	15535,3
1532	15535,2
1533	15535
1534	15534,9
1535	15534,7
1536	15534,6
1537	15534,4
1538	15534,3
1539	15534,1
1540	15534
1541	15533,8
1542	15533,7
1543	15533,5
1544	15533,4
1545	15533,2
1546	15533,1
1547	15532,9
1548	15532,8
1549	15532,6
1550	15532,5
1551	15532,3
1552	15532,2
1553	15532
1554	15531,9
1555	15531,7
1556	15531,6
1557	15531,4
1558	15531,3
1559	15531,1
1560	15531
1561	15530,8
1562	15530,7
1563	15530,5
1564	15530,4
1565	15530,2
1566	15530
1567	15529,9
1568	15529,7
1569	15529,6
1570	15529,4
1571	15529,3
1572	15529,1
1573	15529
1574	15528,8
1575	15528,7
1576	15528,5
1577	15528,3
1578	15528,2
1579	15528
1580	15527,9
1581	15527,7
1582	15527,6
1583	15527,4
1584	15527,2
1585	15527,1
1586	15526,9
1587	15526,8
1588	15526,6
1589	15526,5
1590	15526,3
1591	15526,1
1592	15526
1593	15525,8
1594	15525,7
1595	15525,5
1596	15525,3
1597	15525,2
1598	15525
1599	15524,9
1600	15524,7
1601	15524,5
1602	15524,4
1603	15524,2
1604	15524
1605	15523,9
1606	15523,7
1607	15523,6
1608	15523,4
1609	15523,2
1610	15523,1
1611	15522,9
1612	15522,7
1613	15522,6
1614	15522,4
1615	15522,3
1616	15522,1
1617	15521,9
1618	15521,8
1619	15521,6
1620	15521,4
1621	15521,3
1622	15521,1
1623	15520,9
1624	15520,8
1625	15520,6
1626	15520,4
1627	15520,3
1628	15520,1
1629	15519,9
1630	15519,8
1631	15519,6
1632	15519,4
1633	15519,3
1634	15519,1
1635	15518,9
1636	15518,8
1637	15518,6
1638	15518,4
1639	15518,3
1640	15518,1
1641	15517,9
1642	15517,8
1643	15517,6
1644	15517,4
1645	15517,2
1646	15517,1
1647	15516,9
1648	15516,7
1649	15516,6
1650	15516,4
1651	15516,2
1652	15516
1653	15515,9
1654	15515,7
1655	15515,5
1656	15515,4
1657	15515,2
1658	15515
1659	15514,8
1660	15514,7
1661	15514,5
1662	15514,3
1663	15514,1
1664	15514
1665	15513,8
1666	15513,6
1667	15513,4
1668	15513,3
1669	15513,1
1670	15512,9
1671	15512,7
1672	15512,6
1673	15512,4
1674	15512,2
1675	15512
1676	15511,9
1677	15511,7
1678	15511,5
1679	15511,3
1680	15511,2
1681	15511
1682	15510,8
1683	15510,6
1684	15510,4
1685	15510,3
1686	15510,1
1687	15509,9
1688	15509,7
1689	15509,5
1690	15509,4
1691	15509,2
1692	15509
1693	15508,8
1694	15508,6
1695	15508,5
1696	15508,3
1697	15508,1
1698	15507,9
1699	15507,7
1700	15507,6
1701	15507,4
1702	15507,2
1703	15507
1704	15506,8
1705	15506,6
1706	15506,5
1707	15506,3
1708	15506,1
1709	15505,9
1710	15505,7
1711	15505,5
1712	15505,4
1713	15505,2
1714	15505
1715	15504,8
1716	15504,6
1717	15504,4
1718	15504,2
1719	15504,1
1720	15503,9
1721	15503,7
1722	15503,5
1723	15503,3
1724	15503,1
1725	15502,9
1726	15502,8
1727	15502,6
1728	15502,4
1729	15502,2
1730	15502
1731	15501,8
1732	15501,6
1733	15501,4
1734	15501,2
1735	15501,1
1736	15500,9
1737	15500,7
1738	15500,5
1739	15500,3
1740	15500,1
1741	15499,9
1742	15499,7
1743	15499,5
1744	15499,3
1745	15499,1
1746	15499
1747	15498,8
1748	15498,6
1749	15498,4
1750	15498,2
1751	15498
1752	15497,8
1753	15497,6
1754	15497,4
1755	15497,2
1756	15497
1757	15496,8
1758	15496,6
1759	15496,4
1760	15496,2
1761	15496
1762	15495,8
1763	15495,7
1764	15495,5
1765	15495,3
1766	15495,1
1767	15494,9
1768	15494,7
1769	15494,5
1770	15494,3
1771	15494,1
1772	15493,9
1773	15493,7
1774	15493,5
1775	15493,3
1776	15493,1
1777	15492,9
1778	15492,7
1779	15492,5
1780	15492,3
1781	15492,1
1782	15491,9
1783	15491,7
1784	15491,5
1785	15491,3
1786	15491,1
1787	15490,9
1788	15490,7
1789	15490,5
1790	15490,3
1791	15490,1
1792	15489,9
1793	15489,7
1794	15489,5
1795	15489,3
1796	15489,1
1797	15488,9
1798	15488,6
1799	15488,4
1800	15488,2
1801	15488
1802	15487,8
1803	15487,6
1804	15487,4
1805	15487,2
1806	15487
1807	15486,8
1808	15486,6
1809	15486,4
1810	15486,2
1811	15486
1812	15485,8
1813	15485,6
1814	15485,4
1815	15485,1
1816	15484,9
1817	15484,7
1818	15484,5
1819	15484,3
1820	15484,1
1821	15483,9
1822	15483,7
1823	15483,5
1824	15483,3
1825	15483,1
1826	15482,8
1827	15482,6
1828	15482,4
1829	15482,2
1830	15482
1831	15481,8
1832	15481,6
1833	15481,4
1834	15481,1
1835	15480,9
1836	15480,7
1837	15480,5
1838	15480,3
1839	15480,1
1840	15479,9
1841	15479,7
1842	15479,4
1843	15479,2
1844	15479
1845	15478,8
1846	15478,6
1847	15478,4
1848	15478,1
1849	15477,9
1850	15477,7
1851	15477,5
1852	15477,3
1853	15477,1
1854	15476,9
1855	15476,6
1856	15476,4
1857	15476,2
1858	15476
1859	15475,8
1860	15475,5
1861	15475,3
1862	15475,1
1863	15474,9
1864	15474,7
1865	15474,4
1866	15474,2
1867	15474
1868	15473,8
1869	15473,6
1870	15473,3
1871	15473,1
1872	15472,9
1873	15472,7
1874	15472,5
1875	15472,2
1876	15472
1877	15471,8
1878	15471,6
1879	15471,3
1880	15471,1
1881	15470,9
1882	15470,7
1883	15470,4
1884	15470,2
1885	15470
1886	15469,8
1887	15469,5
1888	15469,3
1889	15469,1
1890	15468,9
1891	15468,6
1892	15468,4
1893	15468,2
1894	15468
1895	15467,7
1896	15467,5
1897	15467,3
1898	15467,1
1899	15466,8
1900	15466,6
1901	15466,4
1902	15466,1
1903	15465,9
1904	15465,7
1905	15465,4
1906	15465,2
1907	15465
1908	15464,8
1909	15464,5
1910	15464,3
1911	15464,1
1912	15463,8
1913	15463,6
1914	15463,4
1915	15463,1
1916	15462,9
1917	15462,7
1918	15462,4
1919	15462,2
1920	15462
1921	15461,7
1922	15461,5
1923	15461,3
1924	15461
1925	15460,8
1926	15460,6
1927	15460,3
1928	15460,1
1929	15459,9
1930	15459,6
1931	15459,4
1932	15459,2
1933	15458,9
1934	15458,7
1935	15458,4
1936	15458,2
1937	15458
1938	15457,7
1939	15457,5
1940	15457,3
1941	15457
1942	15456,8
1943	15456,5
1944	15456,3
1945	15456,1
1946	15455,8
1947	15455,6
1948	15455,3
1949	15455,1
1950	15454,9
1951	15454,6
1952	15454,4
1953	15454,1
1954	15453,9
1955	15453,6
1956	15453,4
1957	15453,2
1958	15452,9
1959	15452,7
1960	15452,4
1961	15452,2
1962	15451,9
1963	15451,7
1964	15451,5
1965	15451,2
1966	15451
1967	15450,7
1968	15450,5
1969	15450,2
1970	15450
1971	15449,7
1972	15449,5
1973	15449,2
1974	15449
1975	15448,7
1976	15448,5
1977	15448,2
1978	15448
1979	15447,8
1980	15447,5
1981	15447,3
1982	15447
1983	15446,8
1984	15446,5
1985	15446,3
1986	15446
1987	15445,8
1988	15445,5
1989	15445,3
1990	15445
1991	15444,7
1992	15444,5
1993	15444,2
1994	15444
1995	15443,7
1996	15443,5
1997	15443,2
1998	15443
1999	15442,7
2000	15442,5
2001	15442,2
2002	15442
2003	15441,7
2004	15441,5
2005	15441,2
2006	15440,9
2007	15440,7
2008	15440,4
2009	15440,2
2010	15439,9
2011	15439,7
2012	15439,4
2013	15439,1
2014	15438,9
2015	15438,6
2016	15438,4
2017	15438,1
2018	15437,9
2019	15437,6
2020	15437,3
2021	15437,1
2022	15436,8
2023	15436,6
2024	15436,3
2025	15436
2026	15435,8
2027	15435,5
2028	15435,3
2029	15435
2030	15434,7
2031	15434,5
2032	15434,2
2033	15433,9
2034	15433,7
2035	15433,4
2036	15433,2
2037	15432,9
2038	15432,6
2039	15432,4
2040	15432,1
2041	15431,8
2042	15431,6
2043	15431,3
2044	15431
2045	15430,8
2046	15430,5
2047	15430,2
2048	15430
2049	15429,7
2050	15429,4
2051	15429,2
2052	15428,9
2053	15428,6
2054	15428,4
2055	15428,1
2056	15427,8
2057	15427,6
2058	15427,3
2059	15427
2060	15426,7
2061	15426,5
2062	15426,2
2063	15425,9
2064	15425,7
2065	15425,4
2066	15425,1
2067	15424,9
2068	15424,6
2069	15424,3
2070	15424
2071	15423,8
2072	15423,5
2073	15423,2
2074	15422,9
2075	15422,7
2076	15422,4
2077	15422,1
2078	15421,8
2079	15421,6
2080	15421,3
2081	15421
2082	15420,7
2083	15420,5
2084	15420,2
2085	15419,9
2086	15419,6
2087	15419,4
2088	15419,1
2089	15418,8
2090	15418,5
2091	15418,2
2092	15418
2093	15417,7
2094	15417,4
2095	15417,1
2096	15416,8
2097	15416,6
2098	15416,3
2099	15416
2100	15415,7
2101	15415,4
2102	15415,2
2103	15414,9
2104	15414,6
2105	15414,3
2106	15414
2107	15413,8
2108	15413,5
2109	15413,2
2110	15412,9
2111	15412,6
2112	15412,3
2113	15412
2114	15411,8
2115	15411,5
2116	15411,2
2117	15410,9
2118	15410,6
2119	15410,3
2120	15410
2121	15409,8
2122	15409,5
2123	15409,2
2124	15408,9
2125	15408,6
2126	15408,3
2127	15408
2128	15407,7
2129	15407,5
2130	15407,2
2131	15406,9
2132	15406,6
2133	15406,3
2134	15406
2135	15405,7
2136	15405,4
2137	15405,1
2138	15404,8
2139	15404,5
2140	15404,3
2141	15404
2142	15403,7
2143	15403,4
2144	15403,1
2145	15402,8
2146	15402,5
2147	15402,2
2148	15401,9
2149	15401,6
2150	15401,3
2151	15401
2152	15400,7
2153	15400,4
2154	15400,1
2155	15399,8
2156	15399,5
2157	15399,2
2158	15398,9
2159	15398,6
2160	15398,4
2161	15398,1
2162	15397,8
2163	15397,5
2164	15397,2
2165	15396,9
2166	15396,6
2167	15396,3
2168	15396
2169	15395,7
2170	15395,4
2171	15395,1
2172	15394,8
2173	15394,5
2174	15394,2
2175	15393,8
2176	15393,5
2177	15393,2
2178	15392,9
2179	15392,6
2180	15392,3
2181	15392
2182	15391,7
2183	15391,4
2184	15391,1
2185	15390,8
2186	15390,5
2187	15390,2
2188	15389,9
2189	15389,6
2190	15389,3
2191	15389
2192	15388,7
2193	15388,4
2194	15388
2195	15387,7
2196	15387,4
2197	15387,1
2198	15386,8
2199	15386,5
2200	15386,2
2201	15385,9
2202	15385,6
2203	15385,3
2204	15385
2205	15384,6
2206	15384,3
2207	15384
2208	15383,7
2209	15383,4
2210	15383,1
2211	15382,8
2212	15382,5
2213	15382,1
2214	15381,8
2215	15381,5
2216	15381,2
2217	15380,9
2218	15380,6
2219	15380,3
2220	15379,9
2221	15379,6
2222	15379,3
2223	15379
2224	15378,7
2225	15378,4
2226	15378
2227	15377,7
2228	15377,4
2229	15377,1
2230	15376,8
2231	15376,5
2232	15376,1
2233	15375,8
2234	15375,5
2235	15375,2
2236	15374,9
2237	15374,5
2238	15374,2
2239	15373,9
2240	15373,6
2241	15373,2
2242	15372,9
2243	15372,6
2244	15372,3
2245	15372
2246	15371,6
2247	15371,3
2248	15371
2249	15370,7
2250	15370,3
2251	15370
2252	15369,7
2253	15369,4
2254	15369
2255	15368,7
2256	15368,4
2257	15368,1
2258	15367,7
2259	15367,4
2260	15367,1
2261	15366,8
2262	15366,4
2263	15366,1
2264	15365,8
2265	15365,4
2266	15365,1
2267	15364,8
2268	15364,4
2269	15364,1
2270	15363,8
2271	15363,5
2272	15363,1
2273	15362,8
2274	15362,5
2275	15362,1
2276	15361,8
2277	15361,5
2278	15361,1
2279	15360,8
2280	15360,5
2281	15360,1
2282	15359,8
2283	15359,5
2284	15359,1
2285	15358,8
2286	15358,5
2287	15358,1
2288	15357,8
2289	15357,4
2290	15357,1
2291	15356,8
2292	15356,4
2293	15356,1
2294	15355,8
2295	15355,4
2296	15355,1
2297	15354,7
2298	15354,4
2299	15354,1
2300	15353,7
2301	15353,4
2302	15353
2303	15352,7
2304	15352,4
2305	15352
2306	15351,7
2307	15351,3
2308	15351
2309	15350,7
2310	15350,3
2311	15350
2312	15349,6
2313	15349,3
2314	15348,9
2315	15348,6
2316	15348,2
2317	15347,9
2318	15347,6
2319	15347,2
2320	15346,9
2321	15346,5
2322	15346,2
2323	15345,8
2324	15345,5
2325	15345,1
2326	15344,8
2327	15344,4
2328	15344,1
2329	15343,7
2330	15343,4
2331	15343
2332	15342,7
2333	15342,3
2334	15342
2335	15341,6
2336	15341,3
2337	15340,9
2338	15340,6
2339	15340,2
2340	15339,9
2341	15339,5
2342	15339,2
2343	15338,8
2344	15338,5
2345	15338,1
2346	15337,8
2347	15337,4
2348	15337
2349	15336,7
2350	15336,3
2351	15336
2352	15335,6
2353	15335,3
2354	15334,9
2355	15334,6
2356	15334,2
2357	15333,8
2358	15333,5
2359	15333,1
2360	15332,8
2361	15332,4
2362	15332
2363	15331,7
2364	15331,3
2365	15331
2366	15330,6
2367	15330,2
2368	15329,9
2369	15329,5
2370	15329,2
2371	15328,8
2372	15328,4
2373	15328,1
2374	15327,7
2375	15327,3
2376	15327
2377	15326,6
2378	15326,3
2379	15325,9
2380	15325,5
2381	15325,2
2382	15324,8
2383	15324,4
2384	15324,1
2385	15323,7
2386	15323,3
2387	15323
2388	15322,6
2389	15322,2
2390	15321,9
2391	15321,5
2392	15321,1
2393	15320,7
2394	15320,4
2395	15320
2396	15319,6
2397	15319,3
2398	15318,9
2399	15318,5
2400	15318,1
2401	15317,8
2402	15317,4
2403	15317
2404	15316,7
2405	15316,3
2406	15315,9
2407	15315,5
2408	15315,2
2409	15314,8
2410	15314,4
2411	15314
2412	15313,7
2413	15313,3
2414	15312,9
2415	15312,5
2416	15312,2
2417	15311,8
2418	15311,4
2419	15311
2420	15310,6
2421	15310,3
2422	15309,9
2423	15309,5
2424	15309,1
2425	15308,7
2426	15308,4
2427	15308
2428	15307,6
2429	15307,2
2430	15306,8
2431	15306,5
2432	15306,1
2433	15305,7
2434	15305,3
2435	15304,9
2436	15304,5
2437	15304,2
2438	15303,8
2439	15303,4
2440	15303
2441	15302,6
2442	15302,2
2443	15301,9
2444	15301,5
2445	15301,1
2446	15300,7
2447	15300,3
2448	15299,9
2449	15299,5
2450	15299,1
2451	15298,8
2452	15298,4
2453	15298
2454	15297,6
2455	15297,2
2456	15296,8
2457	15296,4
2458	15296
2459	15295,6
2460	15295,2
2461	15294,8
2462	15294,5
2463	15294,1
2464	15293,7
2465	15293,3
2466	15292,9
2467	15292,5
2468	15292,1
2469	15291,7
2470	15291,3
2471	15290,9
2472	15290,5
2473	15290,1
2474	15289,7
2475	15289,3
2476	15288,9
2477	15288,5
2478	15288,1
2479	15287,7
2480	15287,3
2481	15286,9
2482	15286,5
2483	15286,1
2484	15285,7
2485	15285,3
2486	15284,9
2487	15284,5
2488	15284,1
2489	15283,7
2490	15283,3
2491	15282,9
2492	15282,5
2493	15282,1
2494	15281,7
2495	15281,3
2496	15280,9
2497	15280,5
2498	15280,1
2499	15279,7
2500	15279,3
2501	15278,9
2502	15278,5
2503	15278,1
2504	15277,7
2505	15277,3
2506	15276,9
2507	15276,4
2508	15276
2509	15275,6
2510	15275,2
2511	15274,8
2512	15274,4
2513	15274
2514	15273,6
2515	15273,2
2516	15272,8
2517	15272,3
2518	15271,9
2519	15271,5
2520	15271,1
2521	15270,7
2522	15270,3
2523	15269,9
2524	15269,5
2525	15269
2526	15268,6
2527	15268,2
2528	15267,8
2529	15267,4
2530	15267
2531	15266,6
2532	15266,1
2533	15265,7
2534	15265,3
2535	15264,9
2536	15264,5
2537	15264
2538	15263,6
2539	15263,2
2540	15262,8
2541	15262,4
2542	15261,9
2543	15261,5
2544	15261,1
2545	15260,7
2546	15260,3
2547	15259,8
2548	15259,4
2549	15259
2550	15258,6
2551	15258,2
2552	15257,7
2553	15257,3
2554	15256,9
2555	15256,5
2556	15256
2557	15255,6
2558	15255,2
2559	15254,8
2560	15254,3
2561	15253,9
2562	15253,5
2563	15253
2564	15252,6
2565	15252,2
2566	15251,8
2567	15251,3
2568	15250,9
2569	15250,5
2570	15250
2571	15249,6
2572	15249,2
2573	15248,7
2574	15248,3
2575	15247,9
2576	15247,5
2577	15247
2578	15246,6
2579	15246,2
2580	15245,7
2581	15245,3
2582	15244,9
2583	15244,4
2584	15244
2585	15243,5
2586	15243,1
2587	15242,7
2588	15242,2
2589	15241,8
2590	15241,4
2591	15240,9
2592	15240,5
2593	15240
2594	15239,6
2595	15239,2
2596	15238,7
2597	15238,3
2598	15237,9
2599	15237,4
2600	15237
2601	15236,5
2602	15236,1
2603	15235,6
2604	15235,2
2605	15234,8
2606	15234,3
2607	15233,9
2608	15233,4
2609	15233
2610	15232,5
2611	15232,1
2612	15231,7
2613	15231,2
2614	15230,8
2615	15230,3
2616	15229,9
2617	15229,4
2618	15229
2619	15228,5
2620	15228,1
2621	15227,6
2622	15227,2
2623	15226,7
2624	15226,3
2625	15225,8
2626	15225,4
2627	15224,9
2628	15224,5
2629	15224
2630	15223,6
2631	15223,1
2632	15222,7
2633	15222,2
2634	15221,8
2635	15221,3
2636	15220,9
2637	15220,4
2638	15219,9
2639	15219,5
2640	15219
2641	15218,6
2642	15218,1
2643	15217,7
2644	15217,2
2645	15216,7
2646	15216,3
2647	15215,8
2648	15215,4
2649	15214,9
2650	15214,5
2651	15214
2652	15213,5
2653	15213,1
2654	15212,6
2655	15212,2
2656	15211,7
2657	15211,2
2658	15210,8
2659	15210,3
2660	15209,8
2661	15209,4
2662	15208,9
2663	15208,4
2664	15208
2665	15207,5
2666	15207,1
2667	15206,6
2668	15206,1
2669	15205,7
2670	15205,2
2671	15204,7
2672	15204,3
2673	15203,8
2674	15203,3
2675	15202,8
2676	15202,4
2677	15201,9
2678	15201,4
2679	15201
2680	15200,5
2681	15200
2682	15199,6
2683	15199,1
2684	15198,6
2685	15198,1
2686	15197,7
2687	15197,2
2688	15196,7
2689	15196,2
2690	15195,8
2691	15195,3
2692	15194,8
2693	15194,3
2694	15193,9
2695	15193,4
2696	15192,9
2697	15192,4
2698	15192
2699	15191,5
2700	15191
2701	15190,5
2702	15190
2703	15189,6
2704	15189,1
2705	15188,6
2706	15188,1
2707	15187,6
2708	15187,2
2709	15186,7
2710	15186,2
2711	15185,7
2712	15185,2
2713	15184,7
2714	15184,3
2715	15183,8
2716	15183,3
2717	15182,8
2718	15182,3
2719	15181,8
2720	15181,4
2721	15180,9
2722	15180,4
2723	15179,9
2724	15179,4
2725	15178,9
2726	15178,4
2727	15177,9
2728	15177,4
2729	15177
2730	15176,5
2731	15176
2732	15175,5
2733	15175
2734	15174,5
2735	15174
2736	15173,5
2737	15173
2738	15172,5
2739	15172
2740	15171,5
2741	15171,1
2742	15170,6
2743	15170,1
2744	15169,6
2745	15169,1
2746	15168,6
2747	15168,1
2748	15167,6
2749	15167,1
2750	15166,6
2751	15166,1
2752	15165,6
2753	15165,1
2754	15164,6
2755	15164,1
2756	15163,6
2757	15163,1
2758	15162,6
2759	15162,1
2760	15161,6
2761	15161,1
2762	15160,6
2763	15160,1
2764	15159,6
2765	15159,1
2766	15158,6
2767	15158,1
2768	15157,6
2769	15157,1
2770	15156,5
2771	15156
2772	15155,5
2773	15155
2774	15154,5
2775	15154
2776	15153,5
2777	15153
2778	15152,5
2779	15152
2780	15151,5
2781	15151
2782	15150,4
2783	15149,9
2784	15149,4
2785	15148,9
2786	15148,4
2787	15147,9
2788	15147,4
2789	15146,9
2790	15146,3
2791	15145,8
2792	15145,3
2793	15144,8
2794	15144,3
2795	15143,8
2796	15143,3
2797	15142,7
2798	15142,2
2799	15141,7
2800	15141,2
2801	15140,7
2802	15140,1
2803	15139,6
2804	15139,1
2805	15138,6
2806	15138,1
2807	15137,5
2808	15137
2809	15136,5
2810	15136
2811	15135,5
2812	15134,9
2813	15134,4
2814	15133,9
2815	15133,4
2816	15132,8
2817	15132,3
2818	15131,8
2819	15131,3
2820	15130,7
2821	15130,2
2822	15129,7
2823	15129,2
2824	15128,6
2825	15128,1
2826	15127,6
2827	15127
2828	15126,5
2829	15126
2830	15125,5
2831	15124,9
2832	15124,4
2833	15123,9
2834	15123,3
2835	15122,8
2836	15122,3
2837	15121,7
2838	15121,2
2839	15120,7
2840	15120,1
2841	15119,6
2842	15119,1
2843	15118,5
2844	15118
2845	15117,5
2846	15116,9
2847	15116,4
2848	15115,8
2849	15115,3
2850	15114,8
2851	15114,2
2852	15113,7
2853	15113,1
2854	15112,6
2855	15112,1
2856	15111,5
2857	15111
2858	15110,4
2859	15109,9
2860	15109,4
2861	15108,8
2862	15108,3
2863	15107,7
2864	15107,2
2865	15106,6
2866	15106,1
2867	15105,5
2868	15105
2869	15104,5
2870	15103,9
2871	15103,4
2872	15102,8
2873	15102,3
2874	15101,7
2875	15101,2
2876	15100,6
2877	15100,1
2878	15099,5
2879	15099
2880	15098,4
2881	15097,9
2882	15097,3
2883	15096,8
2884	15096,2
2885	15095,7
2886	15095,1
2887	15094,5
2888	15094
2889	15093,4
2890	15092,9
2891	15092,3
2892	15091,8
2893	15091,2
2894	15090,7
2895	15090,1
2896	15089,5
2897	15089
2898	15088,4
2899	15087,9
2900	15087,3
2901	15086,7
2902	15086,2
2903	15085,6
2904	15085,1
2905	15084,5
2906	15083,9
2907	15083,4
2908	15082,8
2909	15082,3
2910	15081,7
2911	15081,1
2912	15080,6
2913	15080
2914	15079,4
2915	15078,9
2916	15078,3
2917	15077,7
2918	15077,2
2919	15076,6
2920	15076
2921	15075,5
2922	15074,9
2923	15074,3
2924	15073,7
2925	15073,2
2926	15072,6
2927	15072
2928	15071,5
2929	15070,9
2930	15070,3
2931	15069,7
2932	15069,2
2933	15068,6
2934	15068
2935	15067,5
2936	15066,9
2937	15066,3
2938	15065,7
2939	15065,1
2940	15064,6
2941	15064
2942	15063,4
2943	15062,8
2944	15062,3
2945	15061,7
2946	15061,1
2947	15060,5
2948	15059,9
2949	15059,4
2950	15058,8
2951	15058,2
2952	15057,6
2953	15057
2954	15056,5
2955	15055,9
2956	15055,3
2957	15054,7
2958	15054,1
2959	15053,5
2960	15052,9
2961	15052,4
2962	15051,8
2963	15051,2
2964	15050,6
2965	15050
2966	15049,4
2967	15048,8
2968	15048,2
2969	15047,7
2970	15047,1
2971	15046,5
2972	15045,9
2973	15045,3
2974	15044,7
2975	15044,1
2976	15043,5
2977	15042,9
2978	15042,3
2979	15041,7
2980	15041,1
2981	15040,5
2982	15039,9
2983	15039,4
2984	15038,8
2985	15038,2
2986	15037,6
2987	15037
2988	15036,4
2989	15035,8
2990	15035,2
2991	15034,6
2992	15034
2993	15033,4
2994	15032,8
2995	15032,2
2996	15031,6
2997	15031
2998	15030,4
2999	15029,8
3000	15029,2
3001	15028,6
3002	15027,9
3003	15027,3
3004	15026,7
3005	15026,1
3006	15025,5
3007	15024,9
3008	15024,3
3009	15023,7
3010	15023,1
3011	15022,5
3012	15021,9
3013	15021,3
3014	15020,7
3015	15020
3016	15019,4
3017	15018,8
3018	15018,2
3019	15017,6
3020	15017
3021	15016,4
3022	15015,8
3023	15015,2
3024	15014,5
3025	15013,9
3026	15013,3
3027	15012,7
3028	15012,1
3029	15011,5
3030	15010,8
3031	15010,2
3032	15009,6
3033	15009
3034	15008,4
3035	15007,7
3036	15007,1
3037	15006,5
3038	15005,9
3039	15005,3
3040	15004,6
3041	15004
3042	15003,4
3043	15002,8
3044	15002,2
3045	15001,5
3046	15000,9
3047	15000,3
3048	14999,7
3049	14999
3050	14998,4
3051	14997,8
3052	14997,1
3053	14996,5
3054	14995,9
3055	14995,3
3056	14994,6
3057	14994
3058	14993,4
3059	14992,7
3060	14992,1
3061	14991,5
3062	14990,8
3063	14990,2
3064	14989,6
3065	14989
3066	14988,3
3067	14987,7
3068	14987
3069	14986,4
3070	14985,8
3071	14985,1
3072	14984,5
3073	14983,9
3074	14983,2
3075	14982,6
3076	14982
3077	14981,3
3078	14980,7
3079	14980
3080	14979,4
3081	14978,8
3082	14978,1
3083	14977,5
3084	14976,8
3085	14976,2
3086	14975,5
3087	14974,9
3088	14974,3
3089	14973,6
3090	14973
3091	14972,3
3092	14971,7
3093	14971
3094	14970,4
3095	14969,7
3096	14969,1
3097	14968,4
3098	14967,8
3099	14967,1
3100	14966,5
3101	14965,8
3102	14965,2
3103	14964,5
3104	14963,9
3105	14963,2
3106	14962,6
3107	14961,9
3108	14961,3
3109	14960,6
3110	14960
3111	14959,3
3112	14958,7
3113	14958
3114	14957,3
3115	14956,7
3116	14956
3117	14955,4
3118	14954,7
3119	14954,1
3120	14953,4
3121	14952,7
3122	14952,1
3123	14951,4
3124	14950,8
3125	14950,1
3126	14949,4
3127	14948,8
3128	14948,1
3129	14947,4
3130	14946,8
3131	14946,1
3132	14945,4
3133	14944,8
3134	14944,1
3135	14943,4
3136	14942,8
3137	14942,1
3138	14941,4
3139	14940,8
3140	14940,1
3141	14939,4
3142	14938,8
3143	14938,1
3144	14937,4
3145	14936,8
3146	14936,1
3147	14935,4
3148	14934,7
3149	14934,1
3150	14933,4
3151	14932,7
3152	14932
3153	14931,4
3154	14930,7
3155	14930
3156	14929,3
3157	14928,7
3158	14928
3159	14927,3
3160	14926,6
3161	14925,9
3162	14925,3
3163	14924,6
3164	14923,9
3165	14923,2
3166	14922,5
3167	14921,9
3168	14921,2
3169	14920,5
3170	14919,8
3171	14919,1
3172	14918,4
3173	14917,8
3174	14917,1
3175	14916,4
3176	14915,7
3177	14915
3178	14914,3
3179	14913,6
3180	14912,9
3181	14912,3
3182	14911,6
3183	14910,9
3184	14910,2
3185	14909,5
3186	14908,8
3187	14908,1
3188	14907,4
3189	14906,7
3190	14906
3191	14905,3
3192	14904,6
3193	14903,9
3194	14903,3
3195	14902,6
3196	14901,9
3197	14901,2
3198	14900,5
3199	14899,8
3200	14899,1
3201	14898,4
3202	14897,7
3203	14897
3204	14896,3
3205	14895,6
3206	14894,9
3207	14894,2
3208	14893,5
3209	14892,8
3210	14892,1
3211	14891,3
3212	14890,6
3213	14889,9
3214	14889,2
3215	14888,5
3216	14887,8
3217	14887,1
3218	14886,4
3219	14885,7
3220	14885
3221	14884,3
3222	14883,6
3223	14882,9
3224	14882,1
3225	14881,4
3226	14880,7
3227	14880
3228	14879,3
3229	14878,6
3230	14877,9
3231	14877,2
3232	14876,4
3233	14875,7
3234	14875
3235	14874,3
3236	14873,6
3237	14872,9
3238	14872,1
3239	14871,4
3240	14870,7
3241	14870
3242	14869,3
3243	14868,5
3244	14867,8
3245	14867,1
3246	14866,4
3247	14865,7
3248	14864,9
3249	14864,2
3250	14863,5
3251	14862,8
3252	14862
3253	14861,3
3254	14860,6
3255	14859,9
3256	14859,1
3257	14858,4
3258	14857,7
3259	14856,9
3260	14856,2
3261	14855,5
3262	14854,8
3263	14854
3264	14853,3
3265	14852,6
3266	14851,8
3267	14851,1
3268	14850,4
3269	14849,6
3270	14848,9
3271	14848,2
3272	14847,4
3273	14846,7
3274	14846
3275	14845,2
3276	14844,5
3277	14843,7
3278	14843
3279	14842,3
3280	14841,5
3281	14840,8
3282	14840
3283	14839,3
3284	14838,6
3285	14837,8
3286	14837,1
3287	14836,3
3288	14835,6
3289	14834,8
3290	14834,1
3291	14833,3
3292	14832,6
3293	14831,9
3294	14831,1
3295	14830,4
3296	14829,6
3297	14828,9
3298	14828,1
3299	14827,4
3300	14826,6
3301	14825,9
3302	14825,1
3303	14824,4
3304	14823,6
3305	14822,9
3306	14822,1
3307	14821,3
3308	14820,6
3309	14819,8
3310	14819,1
3311	14818,3
3312	14817,6
3313	14816,8
3314	14816,1
3315	14815,3
3316	14814,5
3317	14813,8
3318	14813
3319	14812,3
3320	14811,5
3321	14810,7
3322	14810
3323	14809,2
3324	14808,4
3325	14807,7
3326	14806,9
3327	14806,2
3328	14805,4
3329	14804,6
3330	14803,9
3331	14803,1
3332	14802,3
3333	14801,6
3334	14800,8
3335	14800
3336	14799,2
3337	14798,5
3338	14797,7
3339	14796,9
3340	14796,2
3341	14795,4
3342	14794,6
3343	14793,8
3344	14793,1
3345	14792,3
3346	14791,5
3347	14790,7
3348	14790
3349	14789,2
3350	14788,4
3351	14787,6
3352	14786,9
3353	14786,1
3354	14785,3
3355	14784,5
3356	14783,7
3357	14783
3358	14782,2
3359	14781,4
3360	14780,6
3361	14779,8
3362	14779
3363	14778,3
3364	14777,5
3365	14776,7
3366	14775,9
3367	14775,1
3368	14774,3
3369	14773,5
3370	14772,8
3371	14772
3372	14771,2
3373	14770,4
3374	14769,6
3375	14768,8
3376	14768
3377	14767,2
3378	14766,4
3379	14765,6
3380	14764,8
3381	14764,1
3382	14763,3
3383	14762,5
3384	14761,7
3385	14760,9
3386	14760,1
3387	14759,3
3388	14758,5
3389	14757,7
3390	14756,9
3391	14756,1
3392	14755,3
3393	14754,5
3394	14753,7
3395	14752,9
3396	14752,1
3397	14751,3
3398	14750,5
3399	14749,7
3400	14748,9
3401	14748
3402	14747,2
3403	14746,4
3404	14745,6
3405	14744,8
3406	14744
3407	14743,2
3408	14742,4
3409	14741,6
3410	14740,8
3411	14740
3412	14739,2
3413	14738,3
3414	14737,5
3415	14736,7
3416	14735,9
3417	14735,1
3418	14734,3
3419	14733,5
3420	14732,6
3421	14731,8
3422	14731
3423	14730,2
3424	14729,4
3425	14728,5
3426	14727,7
3427	14726,9
3428	14726,1
3429	14725,3
3430	14724,4
3431	14723,6
3432	14722,8
3433	14722
3434	14721,1
3435	14720,3
3436	14719,5
3437	14718,7
3438	14717,8
3439	14717
3440	14716,2
3441	14715,4
3442	14714,5
3443	14713,7
3444	14712,9
3445	14712
3446	14711,2
3447	14710,4
3448	14709,6
3449	14708,7
3450	14707,9
3451	14707,1
3452	14706,2
3453	14705,4
3454	14704,5
3455	14703,7
3456	14702,9
3457	14702
3458	14701,2
3459	14700,4
3460	14699,5
3461	14698,7
3462	14697,8
3463	14697
3464	14696,2
3465	14695,3
3466	14694,5
3467	14693,6
3468	14692,8
3469	14691,9
3470	14691,1
3471	14690,2
3472	14689,4
3473	14688,6
3474	14687,7
3475	14686,9
3476	14686
3477	14685,2
3478	14684,3
3479	14683,5
3480	14682,6
3481	14681,8
3482	14680,9
3483	14680,1
3484	14679,2
3485	14678,4
3486	14677,5
3487	14676,6
3488	14675,8
3489	14674,9
3490	14674,1
3491	14673,2
3492	14672,4
3493	14671,5
3494	14670,6
3495	14669,8
3496	14668,9
3497	14668,1
3498	14667,2
3499	14666,3
3500	14665,5
3501	14664,6
3502	14663,7
3503	14662,9
3504	14662
3505	14661,1
3506	14660,3
3507	14659,4
3508	14658,5
3509	14657,7
3510	14656,8
3511	14655,9
3512	14655,1
3513	14654,2
3514	14653,3
3515	14652,5
3516	14651,6
3517	14650,7
3518	14649,8
3519	14649
3520	14648,1
3521	14647,2
3522	14646,3
3523	14645,5
3524	14644,6
3525	14643,7
3526	14642,8
3527	14642
3528	14641,1
3529	14640,2
3530	14639,3
3531	14638,4
3532	14637,6
3533	14636,7
3534	14635,8
3535	14634,9
3536	14634
3537	14633,1
3538	14632,2
3539	14631,4
3540	14630,5
3541	14629,6
3542	14628,7
3543	14627,8
3544	14626,9
3545	14626
3546	14625,1
3547	14624,2
3548	14623,4
3549	14622,5
3550	14621,6
3551	14620,7
3552	14619,8
3553	14618,9
3554	14618
3555	14617,1
3556	14616,2
3557	14615,3
3558	14614,4
3559	14613,5
3560	14612,6
3561	14611,7
3562	14610,8
3563	14609,9
3564	14609
3565	14608,1
3566	14607,2
3567	14606,3
3568	14605,4
3569	14604,5
3570	14603,6
3571	14602,7
3572	14601,8
3573	14600,9
3574	14600
3575	14599,1
3576	14598,1
3577	14597,2
3578	14596,3
3579	14595,4
3580	14594,5
3581	14593,6
3582	14592,7
3583	14591,8
3584	14590,8
3585	14589,9
3586	14589
3587	14588,1
3588	14587,2
3589	14586,3
3590	14585,4
3591	14584,4
3592	14583,5
3593	14582,6
3594	14581,7
3595	14580,8
3596	14579,8
3597	14578,9
3598	14578
3599	14577,1
3600	14576,1
3601	14575,2
3602	14574,3
3603	14573,4
3604	14572,4
3605	14571,5
3606	14570,6
3607	14569,7
3608	14568,7
3609	14567,8
3610	14566,9
3611	14565,9
3612	14565
3613	14564,1
3614	14563,1
3615	14562,2
3616	14561,3
3617	14560,3
3618	14559,4
3619	14558,5
3620	14557,5
3621	14556,6
3622	14555,7
3623	14554,7
3624	14553,8
3625	14552,8
3626	14551,9
3627	14551
3628	14550
3629	14549,1
3630	14548,1
3631	14547,2
3632	14546,2
3633	14545,3
3634	14544,4
3635	14543,4
3636	14542,5
3637	14541,5
3638	14540,6
3639	14539,6
3640	14538,7
3641	14537,7
3642	14536,8
3643	14535,8
3644	14534,9
3645	14533,9
3646	14533
3647	14532
3648	14531
3649	14530,1
3650	14529,1
3651	14528,2
3652	14527,2
3653	14526,3
3654	14525,3
3655	14524,3
3656	14523,4
3657	14522,4
3658	14521,5
3659	14520,5
3660	14519,5
3661	14518,6
3662	14517,6
3663	14516,6
3664	14515,7
3665	14514,7
3666	14513,8
3667	14512,8
3668	14511,8
3669	14510,8
3670	14509,9
3671	14508,9
3672	14507,9
3673	14507
3674	14506
3675	14505
3676	14504,1
3677	14503,1
3678	14502,1
3679	14501,1
3680	14500,2
3681	14499,2
3682	14498,2
3683	14497,2
3684	14496,2
3685	14495,3
3686	14494,3
3687	14493,3
3688	14492,3
3689	14491,3
3690	14490,4
3691	14489,4
3692	14488,4
3693	14487,4
3694	14486,4
3695	14485,4
3696	14484,5
3697	14483,5
3698	14482,5
3699	14481,5
3700	14480,5
3701	14479,5
3702	14478,5
3703	14477,5
3704	14476,5
3705	14475,5
3706	14474,6
3707	14473,6
3708	14472,6
3709	14471,6
3710	14470,6
3711	14469,6
3712	14468,6
3713	14467,6
3714	14466,6
3715	14465,6
3716	14464,6
3717	14463,6
3718	14462,6
3719	14461,6
3720	14460,6
3721	14459,6
3722	14458,6
3723	14457,6
3724	14456,6
3725	14455,6
3726	14454,6
3727	14453,5
3728	14452,5
3729	14451,5
3730	14450,5
3731	14449,5
3732	14448,5
3733	14447,5
3734	14446,5
3735	14445,5
3736	14444,5
3737	14443,4
3738	14442,4
3739	14441,4
3740	14440,4
3741	14439,4
3742	14438,4
3743	14437,3
3744	14436,3
3745	14435,3
3746	14434,3
3747	14433,3
3748	14432,2
3749	14431,2
3750	14430,2
3751	14429,2
3752	14428,1
3753	14427,1
3754	14426,1
3755	14425,1
3756	14424
3757	14423
3758	14422
3759	14421
3760	14419,9
3761	14418,9
3762	14417,9
3763	14416,8
3764	14415,8
3765	14414,8
3766	14413,7
3767	14412,7
3768	14411,7
3769	14410,6
3770	14409,6
3771	14408,6
3772	14407,5
3773	14406,5
3774	14405,4
3775	14404,4
3776	14403,4
3777	14402,3
3778	14401,3
3779	14400,2
3780	14399,2
3781	14398,1
3782	14397,1
3783	14396
3784	14395
3785	14394
3786	14392,9
3787	14391,9
3788	14390,8
3789	14389,8
3790	14388,7
3791	14387,7
3792	14386,6
3793	14385,5
3794	14384,5
3795	14383,4
3796	14382,4
3797	14381,3
3798	14380,3
3799	14379,2
3800	14378,2
3801	14377,1
3802	14376
3803	14375
3804	14373,9
3805	14372,9
3806	14371,8
3807	14370,7
3808	14369,7
3809	14368,6
3810	14367,5
3811	14366,5
3812	14365,4
3813	14364,3
3814	14363,3
3815	14362,2
3816	14361,1
3817	14360,1
3818	14359
3819	14357,9
3820	14356,8
3821	14355,8
3822	14354,7
3823	14353,6
3824	14352,6
3825	14351,5
3826	14350,4
3827	14349,3
3828	14348,2
3829	14347,2
3830	14346,1
3831	14345
3832	14343,9
3833	14342,8
3834	14341,8
3835	14340,7
3836	14339,6
3837	14338,5
3838	14337,4
3839	14336,3
3840	14335,2
3841	14334,2
3842	14333,1
3843	14332
3844	14330,9
3845	14329,8
3846	14328,7
3847	14327,6
3848	14326,5
3849	14325,4
3850	14324,3
3851	14323,2
3852	14322,1
3853	14321,1
3854	14320
3855	14318,9
3856	14317,8
3857	14316,7
3858	14315,6
3859	14314,5
3860	14313,4
3861	14312,3
3862	14311,2
3863	14310
3864	14308,9
3865	14307,8
3866	14306,7
3867	14305,6
3868	14304,5
3869	14303,4
3870	14302,3
3871	14301,2
3872	14300,1
3873	14299
3874	14297,9
3875	14296,7
3876	14295,6
3877	14294,5
3878	14293,4
3879	14292,3
3880	14291,2
3881	14290,1
3882	14288,9
3883	14287,8
3884	14286,7
3885	14285,6
3886	14284,5
3887	14283,3
3888	14282,2
3889	14281,1
3890	14280
3891	14278,8
3892	14277,7
3893	14276,6
3894	14275,5
3895	14274,3
3896	14273,2
3897	14272,1
3898	14270,9
3899	14269,8
3900	14268,7
3901	14267,5
3902	14266,4
3903	14265,3
3904	14264,1
3905	14263
3906	14261,9
3907	14260,7
3908	14259,6
3909	14258,5
3910	14257,3
3911	14256,2
3912	14255
3913	14253,9
3914	14252,8
3915	14251,6
3916	14250,5
3917	14249,3
3918	14248,2
3919	14247
3920	14245,9
3921	14244,7
3922	14243,6
3923	14242,4
3924	14241,3
3925	14240,1
3926	14239
3927	14237,8
3928	14236,7
3929	14235,5
3930	14234,4
3931	14233,2
3932	14232,1
3933	14230,9
3934	14229,8
3935	14228,6
3936	14227,4
3937	14226,3
3938	14225,1
3939	14224
3940	14222,8
3941	14221,6
3942	14220,5
3943	14219,3
3944	14218,1
3945	14217
3946	14215,8
3947	14214,6
3948	14213,5
3949	14212,3
3950	14211,1
3951	14210
3952	14208,8
3953	14207,6
3954	14206,4
3955	14205,3
3956	14204,1
3957	14202,9
3958	14201,7
3959	14200,6
3960	14199,4
3961	14198,2
3962	14197
3963	14195,8
3964	14194,7
3965	14193,5
3966	14192,3
3967	14191,1
3968	14189,9
3969	14188,7
3970	14187,6
3971	14186,4
3972	14185,2
3973	14184
3974	14182,8
3975	14181,6
3976	14180,4
3977	14179,2
3978	14178
3979	14176,8
3980	14175,6
3981	14174,5
3982	14173,3
3983	14172,1
3984	14170,9
3985	14169,7
3986	14168,5
3987	14167,3
3988	14166,1
3989	14164,9
3990	14163,7
3991	14162,5
3992	14161,3
3993	14160,1
3994	14158,8
3995	14157,6
3996	14156,4
3997	14155,2
3998	14154
3999	14152,8
4000	14151,6
4001	14150,4
4002	14149,2
4003	14148
4004	14146,8
4005	14145,5
4006	14144,3
4007	14143,1
4008	14141,9
4009	14140,7
4010	14139,5
4011	14138,2
4012	14137
4013	14135,8
4014	14134,6
4015	14133,4
4016	14132,1
4017	14130,9
4018	14129,7
4019	14128,5
4020	14127,2
4021	14126
4022	14124,8
4023	14123,5
4024	14122,3
4025	14121,1
4026	14119,9
4027	14118,6
4028	14117,4
4029	14116,2
4030	14114,9
4031	14113,7
4032	14112,4
4033	14111,2
4034	14110
4035	14108,7
4036	14107,5
4037	14106,2
4038	14105
4039	14103,8
4040	14102,5
4041	14101,3
4042	14100
4043	14098,8
4044	14097,5
4045	14096,3
4046	14095
4047	14093,8
4048	14092,5
4049	14091,3
4050	14090
4051	14088,8
4052	14087,5
4053	14086,3
4054	14085
4055	14083,8
4056	14082,5
4057	14081,3
4058	14080
4059	14078,7
4060	14077,5
4061	14076,2
4062	14075
4063	14073,7
4064	14072,4
4065	14071,2
4066	14069,9
4067	14068,6
4068	14067,4
4069	14066,1
4070	14064,8
4071	14063,6
4072	14062,3
4073	14061
4074	14059,8
4075	14058,5
4076	14057,2
4077	14055,9
4078	14054,7
4079	14053,4
4080	14052,1
4081	14050,8
4082	14049,6
4083	14048,3
4084	14047
4085	14045,7
4086	14044,4
4087	14043,1
4088	14041,9
4089	14040,6
4090	14039,3
4091	14038
4092	14036,7
4093	14035,4
4094	14034,1
4095	14032,9
4096	14031,6
4097	14030,3
4098	14029
4099	14027,7
4100	14026,4
4101	14025,1
4102	14023,8
4103	14022,5
4104	14021,2
4105	14019,9
4106	14018,6
4107	14017,3
4108	14016
4109	14014,7
4110	14013,4
4111	14012,1
4112	14010,8
4113	14009,5
4114	14008,2
4115	14006,9
4116	14005,6
4117	14004,3
4118	14002,9
4119	14001,6
4120	14000,3
4121	13999
4122	13997,7
4123	13996,4
4124	13995,1
4125	13993,7
4126	13992,4
4127	13991,1
4128	13989,8
4129	13988,5
4130	13987,2
4131	13985,8
4132	13984,5
4133	13983,2
4134	13981,9
4135	13980,5
4136	13979,2
4137	13977,9
4138	13976,6
4139	13975,2
4140	13973,9
4141	13972,6
4142	13971,2
4143	13969,9
4144	13968,6
4145	13967,2
4146	13965,9
4147	13964,6
4148	13963,2
4149	13961,9
4150	13960,6
4151	13959,2
4152	13957,9
4153	13956,5
4154	13955,2
4155	13953,8
4156	13952,5
4157	13951,2
4158	13949,8
4159	13948,5
4160	13947,1
4161	13945,8
4162	13944,4
4163	13943,1
4164	13941,7
4165	13940,4
4166	13939
4167	13937,7
4168	13936,3
4169	13935
4170	13933,6
4171	13932,2
4172	13930,9
4173	13929,5
4174	13928,2
4175	13926,8
4176	13925,4
4177	13924,1
4178	13922,7
4179	13921,3
4180	13920
4181	13918,6
4182	13917,2
4183	13915,9
4184	13914,5
4185	13913,1
4186	13911,8
4187	13910,4
4188	13909
4189	13907,6
4190	13906,3
4191	13904,9
4192	13903,5
4193	13902,1
4194	13900,8
4195	13899,4
4196	13898
4197	13896,6
4198	13895,2
4199	13893,9
4200	13892,5
4201	13891,1
4202	13889,7
4203	13888,3
4204	13886,9
4205	13885,5
4206	13884,1
4207	13882,7
4208	13881,4
4209	13880
4210	13878,6
4211	13877,2
4212	13875,8
4213	13874,4
4214	13873
4215	13871,6
4216	13870,2
4217	13868,8
4218	13867,4
4219	13866
4220	13864,6
4221	13863,2
4222	13861,8
4223	13860,4
4224	13859
4225	13857,5
4226	13856,1
4227	13854,7
4228	13853,3
4229	13851,9
4230	13850,5
4231	13849,1
4232	13847,7
4233	13846,3
4234	13844,8
4235	13843,4
4236	13842
4237	13840,6
4238	13839,2
4239	13837,7
4240	13836,3
4241	13834,9
4242	13833,5
4243	13832
4244	13830,6
4245	13829,2
4246	13827,8
4247	13826,3
4248	13824,9
4249	13823,5
4250	13822
4251	13820,6
4252	13819,2
4253	13817,7
4254	13816,3
4255	13814,9
4256	13813,4
4257	13812
4258	13810,5
4259	13809,1
4260	13807,7
4261	13806,2
4262	13804,8
4263	13803,3
4264	13801,9
4265	13800,4
4266	13799
4267	13797,5
4268	13796,1
4269	13794,6
4270	13793,2
4271	13791,7
4272	13790,3
4273	13788,8
4274	13787,4
4275	13785,9
4276	13784,5
4277	13783
4278	13781,5
4279	13780,1
4280	13778,6
4281	13777,2
4282	13775,7
4283	13774,2
4284	13772,8
4285	13771,3
4286	13769,8
4287	13768,4
4288	13766,9
4289	13765,4
4290	13764
4291	13762,5
4292	13761
4293	13759,5
4294	13758,1
4295	13756,6
4296	13755,1
4297	13753,6
4298	13752,1
4299	13750,7
4300	13749,2
4301	13747,7
4302	13746,2
4303	13744,7
4304	13743,2
4305	13741,8
4306	13740,3
4307	13738,8
4308	13737,3
4309	13735,8
4310	13734,3
4311	13732,8
4312	13731,3
4313	13729,8
4314	13728,3
4315	13726,8
4316	13725,3
4317	13723,8
4318	13722,3
4319	13720,8
4320	13719,3
4321	13717,8
4322	13716,3
4323	13714,8
4324	13713,3
4325	13711,8
4326	13710,3
4327	13708,8
4328	13707,3
4329	13705,8
4330	13704,3
4331	13702,7
4332	13701,2
4333	13699,7
4334	13698,2
4335	13696,7
4336	13695,2
4337	13693,6
4338	13692,1
4339	13690,6
4340	13689,1
4341	13687,6
4342	13686
4343	13684,5
4344	13683
4345	13681,5
4346	13679,9
4347	13678,4
4348	13676,9
4349	13675,3
4350	13673,8
4351	13672,3
4352	13670,7
4353	13669,2
4354	13667,7
4355	13666,1
4356	13664,6
4357	13663
4358	13661,5
4359	13660
4360	13658,4
4361	13656,9
4362	13655,3
4363	13653,8
4364	13652,2
4365	13650,7
4366	13649,1
4367	13647,6
4368	13646
4369	13644,5
4370	13642,9
4371	13641,4
4372	13639,8
4373	13638,3
4374	13636,7
4375	13635,1
4376	13633,6
4377	13632
4378	13630,4
4379	13628,9
4380	13627,3
4381	13625,8
4382	13624,2
4383	13622,6
4384	13621
4385	13619,5
4386	13617,9
4387	13616,3
4388	13614,8
4389	13613,2
4390	13611,6
4391	13610
4392	13608,5
4393	13606,9
4394	13605,3
4395	13603,7
4396	13602,1
4397	13600,6
4398	13599
4399	13597,4
4400	13595,8
4401	13594,2
4402	13592,6
4403	13591
4404	13589,4
4405	13587,8
4406	13586,3
4407	13584,7
4408	13583,1
4409	13581,5
4410	13579,9
4411	13578,3
4412	13576,7
4413	13575,1
4414	13573,5
4415	13571,9
4416	13570,3
4417	13568,7
4418	13567,1
4419	13565,4
4420	13563,8
4421	13562,2
4422	13560,6
4423	13559
4424	13557,4
4425	13555,8
4426	13554,2
4427	13552,5
4428	13550,9
4429	13549,3
4430	13547,7
4431	13546,1
4432	13544,4
4433	13542,8
4434	13541,2
4435	13539,6
4436	13538
4437	13536,3
4438	13534,7
4439	13533,1
4440	13531,4
4441	13529,8
4442	13528,2
4443	13526,5
4444	13524,9
4445	13523,3
4446	13521,6
4447	13520
4448	13518,3
4449	13516,7
4450	13515,1
4451	13513,4
4452	13511,8
4453	13510,1
4454	13508,5
4455	13506,8
4456	13505,2
4457	13503,5
4458	13501,9
4459	13500,2
4460	13498,6
4461	13496,9
4462	13495,3
4463	13493,6
4464	13492
4465	13490,3
4466	13488,6
4467	13487
4468	13485,3
4469	13483,6
4470	13482
4471	13480,3
4472	13478,6
4473	13477
4474	13475,3
4475	13473,6
4476	13472
4477	13470,3
4478	13468,6
4479	13466,9
4480	13465,3
4481	13463,6
4482	13461,9
4483	13460,2
4484	13458,5
4485	13456,9
4486	13455,2
4487	13453,5
4488	13451,8
4489	13450,1
4490	13448,4
4491	13446,7
4492	13445,1
4493	13443,4
4494	13441,7
4495	13440
4496	13438,3
4497	13436,6
4498	13434,9
4499	13433,2
4500	13431,5
4501	13429,8
4502	13428,1
4503	13426,4
4504	13424,7
4505	13423
4506	13421,3
4507	13419,5
4508	13417,8
4509	13416,1
4510	13414,4
4511	13412,7
4512	13411
4513	13409,3
4514	13407,6
4515	13405,8
4516	13404,1
4517	13402,4
4518	13400,7
4519	13399
4520	13397,2
4521	13395,5
4522	13393,8
4523	13392
4524	13390,3
4525	13388,6
4526	13386,9
4527	13385,1
4528	13383,4
4529	13381,7
4530	13379,9
4531	13378,2
4532	13376,4
4533	13374,7
4534	13373
4535	13371,2
4536	13369,5
4537	13367,7
4538	13366
4539	13364,2
4540	13362,5
4541	13360,7
4542	13359
4543	13357,2
4544	13355,5
4545	13353,7
4546	13352
4547	13350,2
4548	13348,5
4549	13346,7
4550	13344,9
4551	13343,2
4552	13341,4
4553	13339,6
4554	13337,9
4555	13336,1
4556	13334,3
4557	13332,6
4558	13330,8
4559	13329
4560	13327,3
4561	13325,5
4562	13323,7
4563	13321,9
4564	13320,2
4565	13318,4
4566	13316,6
4567	13314,8
4568	13313
4569	13311,2
4570	13309,5
4571	13307,7
4572	13305,9
4573	13304,1
4574	13302,3
4575	13300,5
4576	13298,7
4577	13296,9
4578	13295,1
4579	13293,3
4580	13291,5
4581	13289,7
4582	13287,9
4583	13286,1
4584	13284,3
4585	13282,5
4586	13280,7
4587	13278,9
4588	13277,1
4589	13275,3
4590	13273,5
4591	13271,7
4592	13269,8
4593	13268
4594	13266,2
4595	13264,4
4596	13262,6
4597	13260,8
4598	13258,9
4599	13257,1
4600	13255,3
4601	13253,5
4602	13251,6
4603	13249,8
4604	13248
4605	13246,2
4606	13244,3
4607	13242,5
4608	13240,7
4609	13238,8
4610	13237
4611	13235,1
4612	13233,3
4613	13231,5
4614	13229,6
4615	13227,8
4616	13225,9
4617	13224,1
4618	13222,2
4619	13220,4
4620	13218,5
4621	13216,7
4622	13214,8
4623	13213
4624	13211,1
4625	13209,3
4626	13207,4
4627	13205,5
4628	13203,7
4629	13201,8
4630	13200
4631	13198,1
4632	13196,2
4633	13194,4
4634	13192,5
4635	13190,6
4636	13188,7
4637	13186,9
4638	13185
4639	13183,1
4640	13181,2
4641	13179,4
4642	13177,5
4643	13175,6
4644	13173,7
4645	13171,8
4646	13170
4647	13168,1
4648	13166,2
4649	13164,3
4650	13162,4
4651	13160,5
4652	13158,6
4653	13156,7
4654	13154,8
4655	13152,9
4656	13151
4657	13149,1
4658	13147,2
4659	13145,3
4660	13143,4
4661	13141,5
4662	13139,6
4663	13137,7
4664	13135,8
4665	13133,9
4666	13132
4667	13130,1
4668	13128,1
4669	13126,2
4670	13124,3
4671	13122,4
4672	13120,5
4673	13118,5
4674	13116,6
4675	13114,7
4676	13112,8
4677	13110,8
4678	13108,9
4679	13107
4680	13105,1
4681	13103,1
4682	13101,2
4683	13099,3
4684	13097,3
4685	13095,4
4686	13093,4
4687	13091,5
4688	13089,6
4689	13087,6
4690	13085,7
4691	13083,7
4692	13081,8
4693	13079,8
4694	13077,9
4695	13075,9
4696	13074
4697	13072
4698	13070
4699	13068,1
4700	13066,1
4701	13064,2
4702	13062,2
4703	13060,2
4704	13058,3
4705	13056,3
4706	13054,3
4707	13052,4
4708	13050,4
4709	13048,4
4710	13046,4
4711	13044,5
4712	13042,5
4713	13040,5
4714	13038,5
4715	13036,6
4716	13034,6
4717	13032,6
4718	13030,6
4719	13028,6
4720	13026,6
4721	13024,6
4722	13022,6
4723	13020,7
4724	13018,7
4725	13016,7
4726	13014,7
4727	13012,7
4728	13010,7
4729	13008,7
4730	13006,7
4731	13004,7
4732	13002,6
4733	13000,6
4734	12998,6
4735	12996,6
4736	12994,6
4737	12992,6
4738	12990,6
4739	12988,6
4740	12986,5
4741	12984,5
4742	12982,5
4743	12980,5
4744	12978,5
4745	12976,4
4746	12974,4
4747	12972,4
4748	12970,4
4749	12968,3
4750	12966,3
4751	12964,3
4752	12962,2
4753	12960,2
4754	12958,1
4755	12956,1
4756	12954,1
4757	12952
4758	12950
4759	12947,9
4760	12945,9
4761	12943,8
4762	12941,8
4763	12939,7
4764	12937,7
4765	12935,6
4766	12933,6
4767	12931,5
4768	12929,4
4769	12927,4
4770	12925,3
4771	12923,3
4772	12921,2
4773	12919,1
4774	12917
4775	12915
4776	12912,9
4777	12910,8
4778	12908,8
4779	12906,7
4780	12904,6
4781	12902,5
4782	12900,4
4783	12898,4
4784	12896,3
4785	12894,2
4786	12892,1
4787	12890
4788	12887,9
4789	12885,8
4790	12883,7
4791	12881,6
4792	12879,5
4793	12877,4
4794	12875,3
4795	12873,2
4796	12871,1
4797	12869
4798	12866,9
4799	12864,8
4800	12862,7
4801	12860,6
4802	12858,5
4803	12856,4
4804	12854,3
4805	12852,1
4806	12850
4807	12847,9
4808	12845,8
4809	12843,7
4810	12841,5
4811	12839,4
4812	12837,3
4813	12835,1
4814	12833
4815	12830,9
4816	12828,7
4817	12826,6
4818	12824,5
4819	12822,3
4820	12820,2
4821	12818,1
4822	12815,9
4823	12813,8
4824	12811,6
4825	12809,5
4826	12807,3
4827	12805,2
4828	12803
4829	12800,9
4830	12798,7
4831	12796,5
4832	12794,4
4833	12792,2
4834	12790
4835	12787,9
4836	12785,7
4837	12783,5
4838	12781,4
4839	12779,2
4840	12777
4841	12774,9
4842	12772,7
4843	12770,5
4844	12768,3
4845	12766,1
4846	12764
4847	12761,8
4848	12759,6
4849	12757,4
4850	12755,2
4851	12753
4852	12750,8
4853	12748,6
4854	12746,4
4855	12744,2
4856	12742
4857	12739,8
4858	12737,6
4859	12735,4
4860	12733,2
4861	12731
4862	12728,8
4863	12726,6
4864	12724,4
4865	12722,2
4866	12719,9
4867	12717,7
4868	12715,5
4869	12713,3
4870	12711,1
4871	12708,8
4872	12706,6
4873	12704,4
4874	12702,1
4875	12699,9
4876	12697,7
4877	12695,4
4878	12693,2
4879	12691
4880	12688,7
4881	12686,5
4882	12684,2
4883	12682
4884	12679,8
4885	12677,5
4886	12675,3
4887	12673
4888	12670,7
4889	12668,5
4890	12666,2
4891	12664
4892	12661,7
4893	12659,4
4894	12657,2
4895	12654,9
4896	12652,7
4897	12650,4
4898	12648,1
4899	12645,8
4900	12643,6
4901	12641,3
4902	12639
4903	12636,7
4904	12634,4
4905	12632,2
4906	12629,9
4907	12627,6
4908	12625,3
4909	12623
4910	12620,7
4911	12618,4
4912	12616,1
4913	12613,8
4914	12611,5
4915	12609,2
4916	12606,9
4917	12604,6
4918	12602,3
4919	12600
4920	12597,7
4921	12595,4
4922	12593,1
4923	12590,7
4924	12588,4
4925	12586,1
4926	12583,8
4927	12581,5
4928	12579,1
4929	12576,8
4930	12574,5
4931	12572,2
4932	12569,8
4933	12567,5
4934	12565,2
4935	12562,8
4936	12560,5
4937	12558,1
4938	12555,8
4939	12553,5
4940	12551,1
4941	12548,8
4942	12546,4
4943	12544,1
4944	12541,7
4945	12539,3
4946	12537
4947	12534,6
4948	12532,3
4949	12529,9
4950	12527,5
4951	12525,2
4952	12522,8
4953	12520,4
4954	12518,1
4955	12515,7
4956	12513,3
4957	12510,9
4958	12508,6
4959	12506,2
4960	12503,8
4961	12501,4
4962	12499
4963	12496,6
4964	12494,2
4965	12491,8
4966	12489,5
4967	12487,1
4968	12484,7
4969	12482,3
4970	12479,9
4971	12477,4
4972	12475
4973	12472,6
4974	12470,2
4975	12467,8
4976	12465,4
4977	12463
4978	12460,6
4979	12458,1
4980	12455,7
4981	12453,3
4982	12450,9
4983	12448,5
4984	12446
4985	12443,6
4986	12441,2
4987	12438,7
4988	12436,3
4989	12433,8
4990	12431,4
4991	12429
4992	12426,5
4993	12424,1
4994	12421,6
4995	12419,2
4996	12416,7
4997	12414,3
4998	12411,8
4999	12409,4
5000	12406,9
5001	12404,4
5002	12402
5003	12399,5
5004	12397
5005	12394,6
5006	12392,1
5007	12389,6
5008	12387,1
5009	12384,7
5010	12382,2
5011	12379,7
5012	12377,2
5013	12374,7
5014	12372,2
5015	12369,8
5016	12367,3
5017	12364,8
5018	12362,3
5019	12359,8
5020	12357,3
5021	12354,8
5022	12352,3
5023	12349,8
5024	12347,3
5025	12344,8
5026	12342,2
5027	12339,7
5028	12337,2
5029	12334,7
5030	12332,2
5031	12329,7
5032	12327,1
5033	12324,6
5034	12322,1
5035	12319,5
5036	12317
5037	12314,5
5038	12311,9
5039	12309,4
5040	12306,9
5041	12304,3
5042	12301,8
5043	12299,2
5044	12296,7
5045	12294,1
5046	12291,6
5047	12289
5048	12286,5
5049	12283,9
5050	12281,3
5051	12278,8
5052	12276,2
5053	12273,7
5054	12271,1
5055	12268,5
5056	12265,9
5057	12263,4
5058	12260,8
5059	12258,2
5060	12255,6
5061	12253
5062	12250,5
5063	12247,9
5064	12245,3
5065	12242,7
5066	12240,1
5067	12237,5
5068	12234,9
5069	12232,3
5070	12229,7
5071	12227,1
5072	12224,5
5073	12221,9
5074	12219,3
5075	12216,6
5076	12214
5077	12211,4
5078	12208,8
5079	12206,2
5080	12203,5
5081	12200,9
5082	12198,3
5083	12195,6
5084	12193
5085	12190,4
5086	12187,7
5087	12185,1
5088	12182,5
5089	12179,8
5090	12177,2
5091	12174,5
5092	12171,9
5093	12169,2
5094	12166,6
5095	12163,9
5096	12161,2
5097	12158,6
5098	12155,9
5099	12153,3
5100	12150,6
5101	12147,9
5102	12145,2
5103	12142,6
5104	12139,9
5105	12137,2
5106	12134,5
5107	12131,8
5108	12129,2
5109	12126,5
5110	12123,8
5111	12121,1
5112	12118,4
5113	12115,7
5114	12113
5115	12110,3
5116	12107,6
5117	12104,9
5118	12102,2
5119	12099,5
5120	12096,7
5121	12094
5122	12091,3
5123	12088,6
5124	12085,9
5125	12083,1
5126	12080,4
5127	12077,7
5128	12075
5129	12072,2
5130	12069,5
5131	12066,7
5132	12064
5133	12061,3
5134	12058,5
5135	12055,8
5136	12053
5137	12050,3
5138	12047,5
5139	12044,8
5140	12042
5141	12039,2
5142	12036,5
5143	12033,7
5144	12030,9
5145	12028,2
5146	12025,4
5147	12022,6
5148	12019,8
5149	12017,1
5150	12014,3
5151	12011,5
5152	12008,7
5153	12005,9
5154	12003,1
5155	12000,3
5156	11997,5
5157	11994,7
5158	11991,9
5159	11989,1
5160	11986,3
5161	11983,5
5162	11980,7
5163	11977,9
5164	11975,1
5165	11972,2
5166	11969,4
5167	11966,6
5168	11963,8
5169	11960,9
5170	11958,1
5171	11955,3
5172	11952,4
5173	11949,6
5174	11946,8
5175	11943,9
5176	11941,1
5177	11938,2
5178	11935,4
5179	11932,5
5180	11929,7
5181	11926,8
5182	11923,9
5183	11921,1
5184	11918,2
5185	11915,3
5186	11912,5
5187	11909,6
5188	11906,7
5189	11903,8
5190	11901
5191	11898,1
5192	11895,2
5193	11892,3
5194	11889,4
5195	11886,5
5196	11883,6
5197	11880,7
5198	11877,8
5199	11874,9
5200	11872
5201	11869,1
5202	11866,2
5203	11863,3
5204	11860,4
5205	11857,5
5206	11854,5
5207	11851,6
5208	11848,7
5209	11845,8
5210	11842,8
5211	11839,9
5212	11837
5213	11834
5214	11831,1
5215	11828,1
5216	11825,2
5217	11822,2
5218	11819,3
5219	11816,3
5220	11813,4
5221	11810,4
5222	11807,4
5223	11804,5
5224	11801,5
5225	11798,5
5226	11795,6
5227	11792,6
5228	11789,6
5229	11786,6
5230	11783,6
5231	11780,7
5232	11777,7
5233	11774,7
5234	11771,7
5235	11768,7
5236	11765,7
5237	11762,7
5238	11759,7
5239	11756,7
5240	11753,7
5241	11750,7
5242	11747,6
5243	11744,6
5244	11741,6
5245	11738,6
5246	11735,5
5247	11732,5
5248	11729,5
5249	11726,5
5250	11723,4
5251	11720,4
5252	11717,3
5253	11714,3
5254	11711,2
5255	11708,2
5256	11705,1
5257	11702,1
5258	11699
5259	11696
5260	11692,9
5261	11689,8
5262	11686,7
5263	11683,7
5264	11680,6
5265	11677,5
5266	11674,4
5267	11671,4
5268	11668,3
5269	11665,2
5270	11662,1
5271	11659
5272	11655,9
5273	11652,8
5274	11649,7
5275	11646,6
5276	11643,5
5277	11640,4
5278	11637,2
5279	11634,1
5280	11631
5281	11627,9
5282	11624,7
5283	11621,6
5284	11618,5
5285	11615,3
5286	11612,2
5287	11609,1
5288	11605,9
5289	11602,8
5290	11599,6
5291	11596,5
5292	11593,3
5293	11590,2
5294	11587
5295	11583,8
5296	11580,7
5297	11577,5
5298	11574,3
5299	11571,1
5300	11568
5301	11564,8
5302	11561,6
5303	11558,4
5304	11555,2
5305	11552
5306	11548,8
5307	11545,6
5308	11542,4
5309	11539,2
5310	11536
5311	11532,8
5312	11529,6
5313	11526,4
5314	11523,1
5315	11519,9
5316	11516,7
5317	11513,5
5318	11510,2
5319	11507
5320	11503,8
5321	11500,5
5322	11497,3
5323	11494
5324	11490,8
5325	11487,5
5326	11484,3
5327	11481
5328	11477,7
5329	11474,5
5330	11471,2
5331	11467,9
5332	11464,6
5333	11461,4
5334	11458,1
5335	11454,8
5336	11451,5
5337	11448,2
5338	11444,9
5339	11441,6
5340	11438,3
5341	11435
5342	11431,7
5343	11428,4
5344	11425,1
5345	11421,8
5346	11418,5
5347	11415,1
5348	11411,8
5349	11408,5
5350	11405,1
5351	11401,8
5352	11398,5
5353	11395,1
5354	11391,8
5355	11388,4
5356	11385,1
5357	11381,7
5358	11378,4
5359	11375
5360	11371,6
5361	11368,3
5362	11364,9
5363	11361,5
5364	11358,1
5365	11354,8
5366	11351,4
5367	11348
5368	11344,6
5369	11341,2
5370	11337,8
5371	11334,4
5372	11331
5373	11327,6
5374	11324,2
5375	11320,8
5376	11317,4
5377	11313,9
5378	11310,5
5379	11307,1
5380	11303,6
5381	11300,2
5382	11296,8
5383	11293,3
5384	11289,9
5385	11286,4
5386	11283
5387	11279,5
5388	11276,1
5389	11272,6
5390	11269,2
5391	11265,7
5392	11262,2
5393	11258,7
5394	11255,3
5395	11251,8
5396	11248,3
5397	11244,8
5398	11241,3
5399	11237,8
5400	11234,3
5401	11230,8
5402	11227,3
5403	11223,8
5404	11220,3
5405	11216,8
5406	11213,2
5407	11209,7
5408	11206,2
5409	11202,7
5410	11199,1
5411	11195,6
5412	11192,1
5413	11188,5
5414	11185
5415	11181,4
5416	11177,8
5417	11174,3
5418	11170,7
5419	11167,2
5420	11163,6
5421	11160
5422	11156,4
5423	11152,9
5424	11149,3
5425	11145,7
5426	11142,1
5427	11138,5
5428	11134,9
5429	11131,3
5430	11127,7
5431	11124,1
5432	11120,5
5433	11116,9
5434	11113,2
5435	11109,6
5436	11106
5437	11102,3
5438	11098,7
5439	11095,1
5440	11091,4
5441	11087,8
5442	11084,1
5443	11080,5
5444	11076,8
5445	11073,2
5446	11069,5
5447	11065,8
5448	11062,1
5449	11058,5
5450	11054,8
5451	11051,1
5452	11047,4
5453	11043,7
5454	11040
5455	11036,3
5456	11032,6
5457	11028,9
5458	11025,2
5459	11021,5
5460	11017,8
5461	11014
5462	11010,3
5463	11006,6
5464	11002,8
5465	10999,1
5466	10995,4
5467	10991,6
5468	10987,9
5469	10984,1
5470	10980,4
5471	10976,6
5472	10972,8
5473	10969,1
5474	10965,3
5475	10961,5
5476	10957,7
5477	10953,9
5478	10950,1
5479	10946,4
5480	10942,6
5481	10938,7
5482	10934,9
5483	10931,1
5484	10927,3
5485	10923,5
5486	10919,7
5487	10915,9
5488	10912
5489	10908,2
5490	10904,3
5491	10900,5
5492	10896,7
5493	10892,8
5494	10888,9
5495	10885,1
5496	10881,2
5497	10877,4
5498	10873,5
5499	10869,6
5500	10865,7
5501	10861,8
5502	10858
5503	10854,1
5504	10850,2
5505	10846,3
5506	10842,4
5507	10838,4
5508	10834,5
5509	10830,6
5510	10826,7
5511	10822,8
5512	10818,8
5513	10814,9
5514	10811
5515	10807
5516	10803,1
5517	10799,1
5518	10795,2
5519	10791,2
5520	10787,2
5521	10783,3
5522	10779,3
5523	10775,3
5524	10771,3
5525	10767,3
5526	10763,3
5527	10759,3
5528	10755,3
5529	10751,3
5530	10747,3
5531	10743,3
5532	10739,3
5533	10735,3
5534	10731,2
5535	10727,2
5536	10723,2
5537	10719,1
5538	10715,1
5539	10711
5540	10707
5541	10702,9
5542	10698,9
5543	10694,8
5544	10690,7
5545	10686,6
5546	10682,6
5547	10678,5
5548	10674,4
5549	10670,3
5550	10666,2
5551	10662,1
5552	10658
5553	10653,9
5554	10649,7
5555	10645,6
5556	10641,5
5557	10637,4
5558	10633,2
5559	10629,1
5560	10624,9
5561	10620,8
5562	10616,6
5563	10612,5
5564	10608,3
5565	10604,1
5566	10599,9
5567	10595,8
5568	10591,6
5569	10587,4
5570	10583,2
5571	10579
5572	10574,8
5573	10570,6
5574	10566,4
5575	10562,2
5576	10557,9
5577	10553,7
5578	10549,5
5579	10545,2
5580	10541
5581	10536,7
5582	10532,5
5583	10528,2
5584	10524
5585	10519,7
5586	10515,4
5587	10511,1
5588	10506,9
5589	10502,6
5590	10498,3
5591	10494
5592	10489,7
5593	10485,4
5594	10481
5595	10476,7
5596	10472,4
5597	10468,1
5598	10463,7
5599	10459,4
5600	10455,1
5601	10450,7
5602	10446,3
5603	10442
5604	10437,6
5605	10433,3
5606	10428,9
5607	10424,5
5608	10420,1
5609	10415,7
5610	10411,3
5611	10406,9
5612	10402,5
5613	10398,1
5614	10393,7
5615	10389,3
5616	10384,8
5617	10380,4
5618	10376
5619	10371,5
5620	10367,1
5621	10362,6
5622	10358,1
5623	10353,7
5624	10349,2
5625	10344,7
5626	10340,2
5627	10335,8
5628	10331,3
5629	10326,8
5630	10322,3
5631	10317,7
5632	10313,2
5633	10308,7
5634	10304,2
5635	10299,6
5636	10295,1
5637	10290,6
5638	10286
5639	10281,5
5640	10276,9
5641	10272,3
5642	10267,8
5643	10263,2
5644	10258,6
5645	10254
5646	10249,4
5647	10244,8
5648	10240,2
5649	10235,6
5650	10231
5651	10226,3
5652	10221,7
5653	10217,1
5654	10212,4
5655	10207,8
5656	10203,1
5657	10198,5
5658	10193,8
5659	10189,1
5660	10184,5
5661	10179,8
5662	10175,1
5663	10170,4
5664	10165,7
5665	10161
5666	10156,3
5667	10151,6
5668	10146,8
5669	10142,1
5670	10137,4
5671	10132,6
5672	10127,9
5673	10123,1
5674	10118,3
5675	10113,6
5676	10108,8
5677	10104
5678	10099,2
5679	10094,4
5680	10089,6
5681	10084,8
5682	10080
5683	10075,2
5684	10070,4
5685	10065,6
5686	10060,7
5687	10055,9
5688	10051
5689	10046,2
5690	10041,3
5691	10036,4
5692	10031,6
5693	10026,7
5694	10021,8
5695	10016,9
5696	10012
5697	10007,1
5698	10002,2
5699	9997,26
5700	9992,33
5701	9987,39
5702	9982,45
5703	9977,51
5704	9972,55
5705	9967,59
5706	9962,62
5707	9957,65
5708	9952,67
5709	9947,68
5710	9942,69
5711	9937,69
5712	9932,68
5713	9927,66
5714	9922,64
5715	9917,61
5716	9912,58
5717	9907,54
5718	9902,49
5719	9897,43
5720	9892,37
5721	9887,3
5722	9882,22
5723	9877,14
5724	9872,05
5725	9866,95
5726	9861,84
5727	9856,73
5728	9851,61
5729	9846,49
5730	9841,35
5731	9836,21
5732	9831,06
5733	9825,91
5734	9820,75
5735	9815,58
5736	9810,4
5737	9805,22
5738	9800,03
5739	9794,83
5740	9789,62
5741	9784,41
5742	9779,19
5743	9773,96
5744	9768,73
5745	9763,48
5746	9758,23
5747	9752,97
5748	9747,71
5749	9742,44
5750	9737,16
5751	9731,87
5752	9726,57
5753	9721,27
5754	9715,96
5755	9710,64
5756	9705,31
5757	9699,98
5758	9694,64
5759	9689,29
5760	9683,93
5761	9678,57
5762	9673,19
5763	9667,81
5764	9662,43
5765	9657,03
5766	9651,62
5767	9646,21
5768	9640,79
5769	9635,36
5770	9629,93
5771	9624,48
5772	9619,03
5773	9613,57
5774	9608,1
5775	9602,63
5776	9597,14
5777	9591,65
5778	9586,15
5779	9580,64
5780	9575,12
5781	9569,59
5782	9564,06
5783	9558,52
5784	9552,97
5785	9547,41
5786	9541,84
5787	9536,26
5788	9530,68
5789	9525,09
5790	9519,49
5791	9513,88
5792	9508,26
5793	9502,63
5794	9496,99
5795	9491,35
5796	9485,7
5797	9480,03
5798	9474,36
5799	9468,68
5800	9463
5801	9457,3
5802	9451,59
5803	9445,88
5804	9440,16
5805	9434,42
5806	9428,68
5807	9422,93
5808	9417,17
5809	9411,4
5810	9405,63
5811	9399,84
5812	9394,04
5813	9388,24
5814	9382,42
5815	9376,6
5816	9370,77
5817	9364,93
5818	9359,08
5819	9353,22
5820	9347,35
5821	9341,47
5822	9335,58
5823	9329,68
5824	9323,77
5825	9317,85
5826	9311,93
5827	9305,99
5828	9300,05
5829	9294,09
5830	9288,12
5831	9282,15
5832	9276,16
5833	9270,17
5834	9264,17
5835	9258,15
5836	9252,13
5837	9246,09
5838	9240,05
5839	9233,99
5840	9227,93
5841	9221,86
5842	9215,77
5843	9209,68
5844	9203,57
5845	9197,46
5846	9191,33
5847	9185,2
5848	9179,05
5849	9172,9
5850	9166,73
5851	9160,55
5852	9154,37
5853	9148,17
5854	9141,96
5855	9135,74
5856	9129,51
5857	9123,27
5858	9117,02
5859	9110,76
5860	9104,49
5861	9098,21
5862	9091,91
5863	9085,61
5864	9079,29
5865	9072,97
5866	9066,63
5867	9060,28
5868	9053,92
5869	9047,55
5870	9041,17
5871	9034,77
5872	9028,37
5873	9021,95
5874	9015,53
5875	9009,09
5876	9002,64
5877	8996,18
5878	8989,7
5879	8983,22
5880	8976,72
5881	8970,22
5882	8963,7
5883	8957,17
5884	8950,62
5885	8944,07
5886	8937,5
5887	8930,93
5888	8924,33
5889	8917,73
5890	8911,12
5891	8904,49
5892	8897,85
5893	8891,2
5894	8884,54
5895	8877,87
5896	8871,18
5897	8864,48
5898	8857,77
5899	8851,04
5900	8844,3
5901	8837,55
5902	8830,79
5903	8824,02
5904	8817,23
5905	8810,43
5906	8803,62
5907	8796,79
5908	8789,95
5909	8783,1
5910	8776,23
5911	8769,35
5912	8762,46
5913	8755,56
5914	8748,64
5915	8741,71
5916	8734,76
5917	8727,81
5918	8720,84
5919	8713,85
5920	8706,85
5921	8699,84
5922	8692,81
5923	8685,77
5924	8678,72
5925	8671,65
5926	8664,57
5927	8657,48
5928	8650,37
5929	8643,24
5930	8636,11
5931	8628,96
5932	8621,79
5933	8614,61
5934	8607,41
5935	8600,2
5936	8592,98
5937	8585,74
5938	8578,49
5939	8571,22
5940	8563,94
5941	8556,64
5942	8549,33
5943	8542
5944	8534,66
5945	8527,3
5946	8519,93
5947	8512,54
5948	8505,14
5949	8497,72
5950	8490,28
5951	8482,83
5952	8475,37
5953	8467,89
5954	8460,39
5955	8452,88
5956	8445,35
5957	8437,8
5958	8430,24
5959	8422,67
5960	8415,07
5961	8407,46
5962	8399,84
5963	8392,19
5964	8384,54
5965	8376,86
5966	8369,17
5967	8361,46
5968	8353,73
5969	8345,99
5970	8338,23
5971	8330,46
5972	8322,66
5973	8314,85
5974	8307,02
5975	8299,18
5976	8291,31
5977	8283,43
5978	8275,54
5979	8267,62
5980	8259,69
5981	8251,73
5982	8243,76
5983	8235,78
5984	8227,77
5985	8219,74
5986	8211,7
5987	8203,64
5988	8195,56
5989	8187,46
5990	8179,34
5991	8171,21
5992	8163,05
5993	8154,88
5994	8146,68
5995	8138,47
5996	8130,24
5997	8121,99
5998	8113,72
5999	8105,43
6000	8097,11
6001	8088,78
6002	8080,43
6003	8072,06
6004	8063,67
6005	8055,26
6006	8046,83
6007	8038,38
6008	8029,91
6009	8021,41
6010	8012,9
6011	8004,36
6012	7995,81
6013	7987,23
6014	7978,63
6015	7970,01
6016	7961,37
6017	7952,7
6018	7944,02
6019	7935,31
6020	7926,58
6021	7917,83
6022	7909,06
6023	7900,26
6024	7891,44
6025	7882,6
6026	7873,74
6027	7864,85
6028	7855,94
6029	7847,01
6030	7838,05
6031	7829,07
6032	7820,06
6033	7811,04
6034	7801,98
6035	7792,91
6036	7783,81
6037	7774,68
6038	7765,54
6039	7756,36
6040	7747,16
6041	7737,94
6042	7728,69
6043	7719,42
6044	7710,12
6045	7700,79
6046	7691,44
6047	7682,07
6048	7672,67
6049	7663,24
6050	7653,78
6051	7644,3
6052	7634,79
6053	7625,26
6054	7615,7
6055	7606,11
6056	7596,49
6057	7586,84
6058	7577,17
6059	7567,47
6060	7557,74
6061	7547,99
6062	7538,2
6063	7528,39
6064	7518,55
6065	7508,67
6066	7498,77
6067	7488,84
6068	7478,88
6069	7468,89
6070	7458,87
6071	7448,82
6072	7438,74
6073	7428,63
6074	7418,48
6075	7408,31
6076	7398,1
6077	7387,87
6078	7377,6
6079	7367,3
6080	7356,96
6081	7346,6
6082	7336,2
6083	7325,77
6084	7315,3
6085	7304,8
6086	7294,27
6087	7283,71
6088	7273,11
6089	7262,47
6090	7251,8
6091	7241,1
6092	7230,36
6093	7219,58
6094	7208,77
6095	7197,92
6096	7187,04
6097	7176,12
6098	7165,16
6099	7154,17
6100	7143,14
6101	7132,07
6102	7120,96
6103	7109,81
6104	7098,63
6105	7087,41
6106	7076,14
6107	7064,84
6108	7053,5
6109	7042,11
6110	7030,69
6111	7019,22
6112	7007,72
6113	6996,17
6114	6984,58
6115	6972,95
6116	6961,27
6117	6949,55
6118	6937,79
6119	6925,99
6120	6914,14
6121	6902,24
6122	6890,3
6123	6878,32
6124	6866,28
6125	6854,21
6126	6842,08
6127	6829,91
6128	6817,69
6129	6805,43
6130	6793,11
6131	6780,75
6132	6768,33
6133	6755,87
6134	6743,36
6135	6730,79
6136	6718,18
6137	6705,51
6138	6692,79
6139	6680,02
6140	6667,2
6141	6654,32
6142	6641,39
6143	6628,4
6144	6615,35
6145	6602,26
6146	6589,1
6147	6575,89
6148	6562,62
6149	6549,29
6150	6535,9
6151	6522,46
6152	6508,95
6153	6495,38
6154	6481,75
6155	6468,06
6156	6454,31
6157	6440,49
6158	6426,61
6159	6412,67
6160	6398,65
6161	6384,58
6162	6370,43
6163	6356,22
6164	6341,94
6165	6327,59
6166	6313,17
6167	6298,68
6168	6284,12
6169	6269,48
6170	6254,77
6171	6239,99
6172	6225,13
6173	6210,2
6174	6195,19
6175	6180,1
6176	6164,93
6177	6149,68
6178	6134,36
6179	6118,94
6180	6103,45
6181	6087,87
6182	6072,21
6183	6056,46
6184	6040,62
6185	6024,7
6186	6008,68
6187	5992,57
6188	5976,38
6189	5960,08
6190	5943,7
6191	5927,21
6192	5910,63
6193	5893,95
6194	5877,17
6195	5860,29
6196	5843,3
6197	5826,21
6198	5809,02
6199	5791,71
6200	5774,3
6201	5756,77
6202	5739,13
6203	5721,38
6204	5703,51
6205	5685,52
6206	5667,41
6207	5649,18
6208	5630,82
6209	5612,34
6210	5593,73
6211	5574,98
6212	5556,11
6213	5537,1
6214	5517,95
6215	5498,66
6216	5479,23
6217	5459,66
6218	5439,93
6219	5420,06
6220	5400,03
6221	5379,85
6222	5359,51
6223	5339
6224	5318,33
6225	5297,5
6226	5276,48
6227	5255,3
6228	5233,93
6229	5212,39
6230	5190,65
6231	5168,73
6232	5146,61
6233	5124,29
6234	5101,76
6235	5079,03
6236	5056,09
6237	5032,93
6238	5009,55
6239	4985,94
6240	4962,09
6241	4938,01
6242	4913,68
6243	4889,1
6244	4864,26
6245	4839,16
6246	4813,79
6247	4788,13
6248	4762,2
6249	4735,96
6250	4709,43
6251	4682,58
6252	4655,42
6253	4627,92
6254	4600,09
6255	4571,9
6256	4543,36
6257	4514,44
6258	4485,14
6259	4455,44
6260	4425,32
6261	4394,79
6262	4363,81
6263	4332,38
6264	4300,47
6265	4268,07
6266	4235,16
6267	4201,73
6268	4167,74
6269	4133,17
6270	4098,01
6271	4062,22
6272	4025,78
6273	3988,65
6274	3950,81
6275	3912,22
6276	3872,83
6277	3832,62
6278	3791,53
6279	3749,52
6280	3706,53
6281	3662,5
6282	3617,38
6283	3571,09
6284	3523,55
6285	3474,67
6286	3424,37
6287	3372,53
6288	3319,02
6289	3263,72
6290	3206,45
6291	3147,05
6292	3085,3
6293	3020,95
6294	2953,72
6295	2883,26
6296	2809,16
6297	2730,91
6298	2647,88
6299	2559,27
6300	2464,04
6301	2360,82
6302	2247,68
6303	2121,87
6304	1979,14
6305	1812,42
6306	1608,36
6307	1335,91
6308	883,763
